2.538000000000000256e-01 2.156000000000000139e-01 2.043000000000000094e-01 2.604000000000000203e-01 2.655000000000000138e-01 2.612999999999999767e-01 2.715000000000000191e-01 2.782000000000000028e-01 2.886000000000000232e-01 2.371000000000000052e-01 1.519999999999999962e-01 1.718999999999999972e-01 1.831000000000000127e-01 1.605000000000000038e-01 1.756999999999999951e-01 1.976999999999999869e-01 1.574000000000000121e-01 1.691999999999999893e-01 1.864000000000000101e-01 1.733999999999999986e-01
2.978999999999999981e-01 3.380000000000000226e-01 2.144999999999999962e-01 3.305000000000000160e-01 3.579999999999999849e-01 3.400000000000000244e-01 3.088000000000000189e-01 3.488999999999999879e-01 3.597000000000000197e-01 3.246999999999999886e-01 2.298000000000000043e-01 2.248999999999999888e-01 2.253999999999999893e-01 2.066000000000000059e-01 2.233999999999999875e-01 2.278000000000000025e-01 2.353000000000000091e-01 1.935999999999999943e-01 2.296999999999999875e-01 1.773000000000000131e-01
3.221999999999999864e-01 3.679000000000000048e-01 2.634000000000000230e-01 3.860000000000000098e-01 4.103999999999999870e-01 3.675999999999999823e-01 3.459999999999999742e-01 3.739999999999999991e-01 3.992999999999999883e-01 3.579999999999999849e-01 2.565999999999999948e-01 2.409000000000000030e-01 2.867000000000000104e-01 2.580999999999999961e-01 2.535000000000000031e-01 2.803999999999999826e-01 2.801000000000000156e-01 2.644000000000000239e-01 2.752000000000000002e-01 2.544000000000000150e-01
3.311999999999999944e-01 4.012000000000000011e-01 2.863999999999999879e-01 4.136000000000000232e-01 4.314000000000000057e-01 3.871999999999999886e-01 4.000000000000000222e-01 4.010000000000000231e-01 4.152000000000000135e-01 3.688000000000000167e-01 2.937000000000000166e-01 2.960999999999999743e-01 3.024000000000000021e-01 3.035999999999999810e-01 2.795000000000000262e-01 3.017000000000000237e-01 2.999999999999999889e-01 2.897000000000000131e-01 3.047000000000000264e-01 3.063000000000000167e-01
3.245999999999999996e-01 4.344000000000000083e-01 2.844999999999999751e-01 4.051000000000000156e-01 4.385999999999999899e-01 4.023999999999999799e-01 4.061000000000000165e-01 4.124999999999999778e-01 4.550000000000000155e-01 3.985000000000000209e-01 3.039999999999999925e-01 3.234000000000000208e-01 3.094999999999999973e-01 3.195000000000000062e-01 2.993999999999999995e-01 3.134000000000000119e-01 3.181999999999999829e-01 3.039000000000000035e-01 3.197999999999999732e-01 3.244000000000000217e-01
3.541000000000000258e-01 4.588999999999999746e-01 3.236999999999999877e-01 4.460000000000000075e-01 4.576999999999999957e-01 4.167000000000000148e-01 4.219999999999999862e-01 4.455000000000000071e-01 4.756000000000000227e-01 4.027000000000000024e-01 3.563000000000000056e-01 3.694999999999999951e-01 3.678000000000000158e-01 3.556000000000000272e-01 3.563999999999999946e-01 3.790999999999999925e-01 3.682000000000000273e-01 3.709000000000000075e-01 3.704999999999999960e-01 3.781999999999999806e-01
3.491000000000000214e-01 4.697000000000000064e-01 3.808000000000000274e-01 4.424000000000000155e-01 4.675000000000000266e-01 4.648999999999999799e-01 4.184999999999999831e-01 4.314999999999999947e-01 4.698999999999999844e-01 4.102000000000000091e-01 3.775000000000000022e-01 4.213999999999999968e-01 4.089999999999999747e-01 3.887999999999999790e-01 4.083999999999999853e-01 4.091000000000000192e-01 3.997999999999999887e-01 4.087000000000000077e-01 4.082000000000000073e-01 3.947999999999999843e-01
3.778000000000000247e-01 4.511000000000000010e-01 3.973999999999999755e-01 4.613999999999999768e-01 4.633999999999999786e-01 4.713999999999999857e-01 4.546999999999999931e-01 4.845999999999999752e-01 4.868000000000000105e-01 4.495999999999999996e-01 4.319000000000000061e-01 4.405999999999999917e-01 4.295999999999999819e-01 4.349999999999999978e-01 4.314999999999999947e-01 4.365999999999999881e-01 4.373000000000000220e-01 4.188999999999999946e-01 4.218999999999999972e-01 4.415999999999999925e-01
3.721999999999999753e-01 4.697999999999999954e-01 4.052999999999999936e-01 4.592999999999999861e-01 4.860999999999999766e-01 4.862000000000000210e-01 4.627999999999999892e-01 4.768000000000000016e-01 4.853000000000000091e-01 4.474000000000000199e-01 4.321999999999999731e-01 4.333000000000000185e-01 4.425999999999999934e-01 4.133000000000000007e-01 4.279000000000000026e-01 4.485000000000000098e-01 4.521000000000000019e-01 4.481999999999999873e-01 4.456999999999999851e-01 4.571999999999999953e-01
3.862999999999999767e-01 4.778000000000000025e-01 4.218000000000000083e-01 4.974000000000000088e-01 4.839999999999999858e-01 4.388000000000000234e-01 4.641000000000000125e-01 4.940999999999999837e-01 4.944000000000000061e-01 4.783999999999999919e-01 4.661000000000000143e-01 4.472999999999999754e-01 4.410000000000000031e-01 4.184999999999999831e-01 4.742000000000000104e-01 4.270999999999999797e-01 4.608999999999999764e-01 4.616000000000000103e-01 4.671000000000000152e-01 4.648999999999999799e-01
4.173000000000000043e-01 4.991999999999999771e-01 4.405000000000000027e-01 4.676000000000000156e-01 5.040999999999999925e-01 4.870999999999999774e-01 4.704999999999999738e-01 4.983000000000000207e-01 4.903000000000000136e-01 4.860999999999999766e-01 4.858000000000000096e-01 4.794999999999999818e-01 4.699999999999999734e-01 4.561000000000000054e-01 4.798999999999999932e-01 4.516000000000000014e-01 4.683999999999999830e-01 4.612999999999999878e-01 4.655000000000000249e-01 4.799999999999999822e-01
4.270999999999999797e-01 5.029000000000000137e-01 4.437999999999999723e-01 5.058000000000000274e-01 5.093999999999999639e-01 5.007000000000000339e-01 4.829999999999999849e-01 5.113999999999999657e-01 5.090999999999999970e-01 4.747999999999999998e-01 4.761000000000000232e-01 4.803999999999999937e-01 4.892000000000000237e-01 4.838000000000000078e-01 4.828000000000000069e-01 4.793000000000000038e-01 4.883000000000000118e-01 4.873000000000000109e-01 4.867000000000000215e-01 4.736000000000000210e-01
4.391999999999999793e-01 5.020000000000000018e-01 4.153999999999999915e-01 5.059000000000000163e-01 5.109000000000000208e-01 5.181999999999999940e-01 4.727999999999999980e-01 4.902000000000000246e-01 5.040999999999999925e-01 4.995999999999999885e-01 4.999000000000000110e-01 4.723999999999999866e-01 4.777000000000000135e-01 4.824999999999999845e-01 4.868000000000000105e-01 4.812000000000000166e-01 4.909000000000000030e-01 4.793999999999999928e-01 4.733999999999999875e-01 4.834999999999999853e-01
4.331999999999999740e-01 5.012999999999999678e-01 4.494000000000000217e-01 4.803000000000000047e-01 5.171000000000000041e-01 4.878000000000000114e-01 4.626000000000000112e-01 5.097000000000000419e-01 4.932000000000000273e-01 4.808000000000000052e-01 5.012999999999999678e-01 4.910999999999999810e-01 4.883000000000000118e-01 4.667000000000000037e-01 4.818000000000000060e-01 4.828999999999999959e-01 4.914000000000000035e-01 4.993000000000000216e-01 4.711000000000000187e-01 4.825999999999999734e-01
4.552999999999999825e-01 5.125999999999999446e-01 4.404000000000000137e-01 5.049000000000000155e-01 5.181999999999999940e-01 5.054999999999999494e-01 4.593999999999999750e-01 5.201000000000000068e-01 4.930999999999999828e-01 4.949999999999999956e-01 4.934999999999999942e-01 4.983000000000000207e-01 4.888000000000000123e-01 5.013999999999999568e-01 4.965999999999999859e-01 4.919999999999999929e-01 4.802000000000000157e-01 4.930999999999999828e-01 4.964999999999999969e-01 4.937000000000000277e-01
4.751000000000000223e-01 5.211999999999999966e-01 4.470999999999999974e-01 5.209000000000000297e-01 5.134999999999999565e-01 5.153999999999999693e-01 4.961999999999999744e-01 5.143999999999999684e-01 5.333999999999999853e-01 5.174999999999999600e-01 4.902000000000000246e-01 4.990999999999999881e-01 5.117000000000000437e-01 5.062999999999999723e-01 5.063999999999999613e-01 5.020999999999999908e-01 4.995999999999999885e-01 4.980999999999999872e-01 4.928000000000000158e-01 5.141999999999999904e-01
4.949000000000000066e-01 5.104999999999999538e-01 4.465000000000000080e-01 5.198000000000000398e-01 5.171000000000000041e-01 5.071999999999999842e-01 4.989999999999999991e-01 5.024999999999999467e-01 5.230000000000000204e-01 5.139000000000000234e-01 5.016000000000000458e-01 5.024999999999999467e-01 5.134999999999999565e-01 5.057000000000000384e-01 5.000999999999999890e-01 5.113999999999999657e-01 5.116000000000000547e-01 4.867000000000000215e-01 5.082999999999999741e-01 5.093999999999999639e-01
4.955999999999999850e-01 5.100000000000000089e-01 4.554000000000000270e-01 5.288000000000000478e-01 5.218000000000000416e-01 5.038000000000000256e-01 4.993000000000000216e-01 5.243999999999999773e-01 5.369000000000000439e-01 5.288000000000000478e-01 5.060999999999999943e-01 4.914999999999999925e-01 5.231999999999999984e-01 5.074999999999999512e-01 5.009000000000000119e-01 5.036000000000000476e-01 5.084999999999999520e-01 5.084999999999999520e-01 5.271000000000000130e-01 5.102999999999999758e-01
5.003999999999999559e-01 5.274999999999999689e-01 4.611000000000000099e-01 5.264999999999999680e-01 5.294999999999999707e-01 5.265999999999999570e-01 5.010999999999999899e-01 5.155999999999999472e-01 5.258000000000000451e-01 5.171000000000000041e-01 5.237000000000000544e-01 5.225999999999999535e-01 5.127000000000000446e-01 5.192999999999999838e-01 4.968000000000000194e-01 5.198000000000000398e-01 5.237000000000000544e-01 5.224999999999999645e-01 5.210000000000000187e-01 5.018000000000000238e-01
4.924999999999999933e-01 5.241000000000000103e-01 4.608999999999999764e-01 5.219000000000000306e-01 5.189000000000000279e-01 5.135999999999999455e-01 4.848999999999999977e-01 5.256999999999999451e-01 5.384999999999999787e-01 5.261000000000000121e-01 5.207000000000000517e-01 5.110000000000000098e-01 5.169000000000000261e-01 5.083999999999999631e-01 5.088000000000000300e-01 5.269000000000000350e-01 5.147000000000000464e-01 5.129000000000000226e-01 5.145999999999999464e-01 5.171999999999999931e-01
4.874999999999999889e-01 5.118000000000000327e-01 4.702000000000000068e-01 5.324999999999999734e-01 5.352999999999999980e-01 5.275999999999999579e-01 5.009000000000000119e-01 5.270000000000000240e-01 5.265999999999999570e-01 4.902000000000000246e-01 5.150000000000000133e-01 5.188000000000000389e-01 5.233999999999999764e-01 5.316999999999999504e-01 5.273999999999999799e-01 5.304999999999999716e-01 5.118000000000000327e-01 5.147000000000000464e-01 5.087000000000000410e-01 5.169000000000000261e-01
5.060000000000000053e-01 5.291000000000000147e-01 4.647000000000000020e-01 5.242999999999999883e-01 5.231999999999999984e-01 5.158000000000000362e-01 5.100999999999999979e-01 5.326999999999999513e-01 5.423999999999999932e-01 5.309000000000000385e-01 5.090999999999999970e-01 5.208000000000000407e-01 5.318000000000000504e-01 5.214999999999999636e-01 5.169000000000000261e-01 5.187000000000000499e-01 5.345999999999999641e-01 5.000000000000000000e-01 5.269000000000000350e-01 5.313999999999999835e-01
5.022999999999999687e-01 5.245999999999999552e-01 4.653999999999999804e-01 5.413999999999999924e-01 5.255999999999999561e-01 5.244999999999999662e-01 5.040999999999999925e-01 5.241999999999999993e-01 5.177000000000000490e-01 5.252000000000000002e-01 5.212999999999999856e-01 5.183999999999999719e-01 5.306999999999999496e-01 5.240000000000000213e-01 5.301000000000000156e-01 5.394999999999999796e-01 5.263999999999999790e-01 5.164999999999999591e-01 5.306999999999999496e-01 5.283999999999999808e-01
5.089000000000000190e-01 5.247000000000000552e-01 4.728999999999999870e-01 5.174999999999999600e-01 5.229000000000000314e-01 5.100999999999999979e-01 4.979999999999999982e-01 5.364999999999999769e-01 5.384999999999999787e-01 5.265999999999999570e-01 5.228000000000000425e-01 5.291000000000000147e-01 5.366999999999999549e-01 5.224999999999999645e-01 5.067000000000000393e-01 5.174999999999999600e-01 5.161000000000000032e-01 5.355999999999999650e-01 5.272000000000000020e-01 5.188000000000000389e-01
5.094999999999999529e-01 5.219000000000000306e-01 4.535000000000000142e-01 5.304999999999999716e-01 5.443999999999999950e-01 5.157000000000000473e-01 5.096000000000000529e-01 5.459000000000000519e-01 5.322000000000000064e-01 5.369000000000000439e-01 5.315999999999999615e-01 5.164999999999999591e-01 5.178000000000000380e-01 5.170000000000000151e-01 5.349000000000000421e-01 5.150000000000000133e-01 5.316999999999999504e-01 5.258000000000000451e-01 5.279000000000000359e-01 5.322000000000000064e-01
5.249000000000000332e-01 5.272000000000000020e-01 4.667999999999999927e-01 5.264999999999999680e-01 5.260000000000000231e-01 5.356999999999999540e-01 5.050999999999999934e-01 5.189000000000000279e-01 5.511000000000000343e-01 5.344999999999999751e-01 5.251000000000000112e-01 5.260000000000000231e-01 5.384999999999999787e-01 5.276999999999999469e-01 5.202999999999999847e-01 5.312000000000000055e-01 5.304999999999999716e-01 5.221000000000000085e-01 5.300000000000000266e-01 5.403999999999999915e-01
5.272999999999999909e-01 5.191999999999999948e-01 4.789999999999999813e-01 5.279000000000000359e-01 5.302000000000000046e-01 5.447999999999999510e-01 5.046000000000000485e-01 5.332999999999999963e-01 5.291000000000000147e-01 5.403999999999999915e-01 5.313999999999999835e-01 5.346999999999999531e-01 5.336999999999999522e-01 5.057000000000000384e-01 5.205999999999999517e-01 5.241000000000000103e-01 5.401000000000000245e-01 5.291000000000000147e-01 5.268000000000000460e-01 5.299000000000000377e-01
5.168000000000000371e-01 5.366999999999999549e-01 4.651000000000000134e-01 5.400000000000000355e-01 5.322000000000000064e-01 5.351000000000000201e-01 5.130000000000000115e-01 5.171000000000000041e-01 5.369000000000000439e-01 5.368000000000000549e-01 5.288000000000000478e-01 5.404999999999999805e-01 5.370000000000000329e-01 5.292999999999999927e-01 5.429000000000000492e-01 5.331000000000000183e-01 5.371000000000000218e-01 5.338000000000000522e-01 5.321000000000000174e-01 5.298000000000000487e-01
5.295999999999999597e-01 5.137000000000000455e-01 4.632000000000000006e-01 5.289000000000000368e-01 5.291000000000000147e-01 5.446999999999999620e-01 5.114999999999999547e-01 5.360000000000000320e-01 5.235999999999999543e-01 5.383000000000000007e-01 5.364999999999999769e-01 5.180000000000000160e-01 5.310000000000000275e-01 5.165999999999999481e-01 5.179000000000000270e-01 5.278000000000000469e-01 5.308000000000000496e-01 5.310000000000000275e-01 5.208000000000000407e-01 5.264999999999999680e-01
5.282999999999999918e-01 5.188000000000000389e-01 4.698999999999999844e-01 5.249000000000000332e-01 5.303999999999999826e-01 5.255999999999999561e-01 5.131999999999999895e-01 5.286999999999999478e-01 5.355999999999999650e-01 5.333999999999999853e-01 5.265999999999999570e-01 5.271000000000000130e-01 5.262000000000000011e-01 5.333999999999999853e-01 5.322999999999999954e-01 5.392000000000000126e-01 5.381000000000000227e-01 5.237000000000000544e-01 5.183999999999999719e-01 5.463999999999999968e-01
5.331000000000000183e-01 5.371000000000000218e-01 4.761000000000000232e-01 5.471000000000000307e-01 5.192999999999999838e-01 5.412000000000000144e-01 5.201999999999999957e-01 5.293999999999999817e-01 5.454999999999999849e-01 5.335999999999999632e-01 5.421000000000000263e-01 5.410000000000000364e-01 5.343999999999999861e-01 5.430000000000000382e-01 5.169000000000000261e-01 5.340000000000000302e-01 5.412000000000000144e-01 5.412000000000000144e-01 5.426999999999999602e-01 5.360000000000000320e-01
5.437999999999999501e-01 5.322999999999999954e-01 4.771000000000000241e-01 5.415999999999999703e-01 5.342999999999999972e-01 5.268000000000000460e-01 5.231999999999999984e-01 5.326999999999999513e-01 5.443000000000000060e-01 5.402000000000000135e-01 5.377999999999999448e-01 5.282999999999999918e-01 5.225999999999999535e-01 5.296999999999999487e-01 5.272000000000000020e-01 5.145999999999999464e-01 5.366999999999999549e-01 5.392000000000000126e-01 5.269000000000000350e-01 5.442000000000000171e-01
5.305999999999999606e-01 5.324999999999999734e-01 4.729999999999999760e-01 5.414999999999999813e-01 5.436999999999999611e-01 5.396999999999999575e-01 5.099000000000000199e-01 5.349000000000000421e-01 5.333999999999999853e-01 5.374999999999999778e-01 5.318000000000000504e-01 5.511000000000000343e-01 5.346999999999999531e-01 5.373999999999999888e-01 5.298000000000000487e-01 5.414999999999999813e-01 5.399000000000000465e-01 5.271000000000000130e-01 5.292999999999999927e-01 5.516999999999999682e-01
5.382000000000000117e-01 5.348000000000000531e-01 4.704999999999999738e-01 5.432000000000000162e-01 5.280000000000000249e-01 5.406999999999999584e-01 5.180000000000000160e-01 5.381000000000000227e-01 5.285999999999999588e-01 5.457999999999999519e-01 5.373999999999999888e-01 5.161000000000000032e-01 5.314999999999999725e-01 5.412000000000000144e-01 5.366999999999999549e-01 5.345999999999999641e-01 5.454999999999999849e-01 5.423000000000000043e-01 5.301000000000000156e-01 5.282000000000000028e-01
5.386999999999999567e-01 5.332999999999999963e-01 4.752000000000000113e-01 5.412000000000000144e-01 5.343999999999999861e-01 5.461000000000000298e-01 5.135999999999999455e-01 5.315999999999999615e-01 5.400000000000000355e-01 5.227000000000000535e-01 5.240000000000000213e-01 5.369000000000000439e-01 5.475999999999999757e-01 5.514000000000000012e-01 5.386999999999999567e-01 5.379000000000000448e-01 5.332999999999999963e-01 5.312999999999999945e-01 5.455999999999999739e-01 5.402000000000000135e-01
5.366999999999999549e-01 5.252000000000000002e-01 4.727000000000000091e-01 5.352999999999999980e-01 5.260000000000000231e-01 5.335999999999999632e-01 5.232999999999999874e-01 5.353999999999999870e-01 5.315999999999999615e-01 5.313999999999999835e-01 5.177000000000000490e-01 5.125999999999999446e-01 5.441000000000000281e-01 5.399000000000000465e-01 5.361000000000000210e-01 5.276999999999999469e-01 5.384999999999999787e-01 5.366999999999999549e-01 5.370000000000000329e-01 5.459000000000000519e-01
5.385999999999999677e-01 5.374999999999999778e-01 4.685000000000000275e-01 5.295999999999999597e-01 5.449000000000000510e-01 5.403999999999999915e-01 5.138000000000000345e-01 5.211000000000000076e-01 5.336999999999999522e-01 5.304999999999999716e-01 5.352999999999999980e-01 5.352000000000000091e-01 5.483000000000000096e-01 5.260000000000000231e-01 5.366999999999999549e-01 5.310000000000000275e-01 5.424999999999999822e-01 5.372999999999999998e-01 5.342000000000000082e-01 5.449000000000000510e-01
5.272999999999999909e-01 5.416999999999999593e-01 4.617999999999999883e-01 5.312000000000000055e-01 5.447999999999999510e-01 5.377999999999999448e-01 5.083999999999999631e-01 5.159000000000000252e-01 5.379000000000000448e-01 5.282000000000000028e-01 5.204999999999999627e-01 5.372000000000000108e-01 5.451000000000000290e-01 5.212999999999999856e-01 5.424999999999999822e-01 5.397999999999999465e-01 5.409000000000000474e-01 5.332000000000000073e-01 5.353999999999999870e-01 5.169000000000000261e-01
5.212999999999999856e-01 5.242999999999999883e-01 4.608999999999999764e-01 5.423999999999999932e-01 5.364999999999999769e-01 5.432000000000000162e-01 5.074999999999999512e-01 5.401000000000000245e-01 5.443000000000000060e-01 5.466999999999999638e-01 5.096000000000000529e-01 5.263999999999999790e-01 5.433000000000000052e-01 5.263999999999999790e-01 5.364999999999999769e-01 5.369000000000000439e-01 5.295999999999999597e-01 5.373999999999999888e-01 5.348000000000000531e-01 5.319000000000000394e-01
5.255999999999999561e-01 5.454999999999999849e-01 4.668999999999999817e-01 5.385999999999999677e-01 5.319000000000000394e-01 5.432000000000000162e-01 5.172999999999999821e-01 5.353999999999999870e-01 5.403999999999999915e-01 5.342000000000000082e-01 5.309000000000000385e-01 5.304999999999999716e-01 5.362999999999999989e-01 5.310000000000000275e-01 5.414999999999999813e-01 5.272999999999999909e-01 5.232999999999999874e-01 5.302999999999999936e-01 5.421000000000000263e-01 5.466999999999999638e-01
5.434999999999999831e-01 5.339000000000000412e-01 4.737999999999999989e-01 5.399000000000000465e-01 5.334999999999999742e-01 5.208000000000000407e-01 5.111999999999999877e-01 5.415999999999999703e-01 5.239000000000000323e-01 5.308000000000000496e-01 5.288000000000000478e-01 5.339000000000000412e-01 5.370000000000000329e-01 5.392000000000000126e-01 5.384999999999999787e-01 5.285999999999999588e-01 5.413000000000000034e-01 5.487999999999999545e-01 5.298000000000000487e-01 5.479000000000000536e-01
5.433999999999999941e-01 5.407999999999999474e-01 4.566000000000000059e-01 5.384999999999999787e-01 5.240000000000000213e-01 5.342999999999999972e-01 5.155999999999999472e-01 5.407999999999999474e-01 5.292000000000000037e-01 5.286999999999999478e-01 5.301000000000000156e-01 5.368000000000000549e-01 5.321000000000000174e-01 5.422000000000000153e-01 5.239000000000000323e-01 5.244999999999999662e-01 5.459000000000000519e-01 5.351000000000000201e-01 5.362999999999999989e-01 5.415999999999999703e-01
5.282999999999999918e-01 5.411000000000000254e-01 4.668999999999999817e-01 5.410000000000000364e-01 5.366999999999999549e-01 5.383000000000000007e-01 5.159000000000000252e-01 5.234999999999999654e-01 5.397999999999999465e-01 5.323999999999999844e-01 5.319000000000000394e-01 5.372000000000000108e-01 5.333999999999999853e-01 5.443000000000000060e-01 5.363999999999999879e-01 5.353999999999999870e-01 5.399000000000000465e-01 5.261000000000000121e-01 5.382000000000000117e-01 5.361000000000000210e-01
5.275999999999999579e-01 5.473000000000000087e-01 4.551999999999999935e-01 5.401000000000000245e-01 5.331000000000000183e-01 5.373999999999999888e-01 5.013999999999999568e-01 5.376999999999999558e-01 5.300000000000000266e-01 5.324999999999999734e-01 5.223999999999999755e-01 5.373999999999999888e-01 5.158000000000000362e-01 5.242999999999999883e-01 5.354999999999999760e-01 5.386999999999999567e-01 5.443000000000000060e-01 5.342999999999999972e-01 5.293999999999999817e-01 5.476999999999999647e-01
5.332999999999999963e-01 5.466999999999999638e-01 4.677999999999999936e-01 5.248000000000000442e-01 5.245999999999999552e-01 5.410000000000000364e-01 5.106000000000000538e-01 5.286999999999999478e-01 5.361000000000000210e-01 5.312999999999999945e-01 5.201000000000000068e-01 5.302999999999999936e-01 5.328000000000000513e-01 5.276999999999999469e-01 5.356999999999999540e-01 5.377999999999999448e-01 5.348000000000000531e-01 5.329000000000000403e-01 5.379000000000000448e-01 5.382000000000000117e-01
5.380000000000000338e-01 5.419000000000000483e-01 4.787000000000000144e-01 5.470000000000000417e-01 5.302000000000000046e-01 5.416999999999999593e-01 5.148000000000000353e-01 5.328000000000000513e-01 5.329000000000000403e-01 5.349000000000000421e-01 5.372999999999999998e-01 5.404999999999999805e-01 5.463999999999999968e-01 5.449000000000000510e-01 5.239000000000000323e-01 5.442000000000000171e-01 5.439000000000000501e-01 5.424999999999999822e-01 5.262999999999999901e-01 5.330000000000000293e-01
5.295999999999999597e-01 5.283999999999999808e-01 4.620000000000000218e-01 5.371000000000000218e-01 5.322000000000000064e-01 5.363999999999999879e-01 5.263999999999999790e-01 5.372999999999999998e-01 5.305999999999999606e-01 5.432000000000000162e-01 5.340000000000000302e-01 5.346999999999999531e-01 5.339000000000000412e-01 5.436999999999999611e-01 5.433000000000000052e-01 5.410000000000000364e-01 5.375999999999999668e-01 5.291000000000000147e-01 5.329000000000000403e-01 5.354999999999999760e-01
5.405999999999999694e-01 5.323999999999999844e-01 4.611000000000000099e-01 5.413999999999999924e-01 5.373999999999999888e-01 5.422000000000000153e-01 5.089000000000000190e-01 5.280000000000000249e-01 5.291000000000000147e-01 5.423999999999999932e-01 5.215999999999999526e-01 5.315999999999999615e-01 5.312000000000000055e-01 5.395999999999999686e-01 5.417999999999999483e-01 5.304999999999999716e-01 5.334999999999999742e-01 5.280000000000000249e-01 5.291000000000000147e-01 5.423000000000000043e-01
5.331000000000000183e-01 5.276999999999999469e-01 4.694999999999999729e-01 5.444999999999999840e-01 5.235999999999999543e-01 5.107000000000000428e-01 5.158000000000000362e-01 5.211000000000000076e-01 5.315999999999999615e-01 5.377999999999999448e-01 5.288000000000000478e-01 5.330000000000000293e-01 5.444999999999999840e-01 5.439000000000000501e-01 5.311000000000000165e-01 5.393000000000000016e-01 5.245999999999999552e-01 5.293999999999999817e-01 5.260000000000000231e-01 5.390000000000000346e-01
5.349000000000000421e-01 5.350000000000000311e-01 4.640000000000000235e-01 5.380000000000000338e-01 5.352999999999999980e-01 5.419000000000000483e-01 5.131999999999999895e-01 5.403000000000000025e-01 5.348000000000000531e-01 5.410000000000000364e-01 5.352999999999999980e-01 5.207000000000000517e-01 5.424999999999999822e-01 5.372999999999999998e-01 5.426999999999999602e-01 5.350000000000000311e-01 5.410000000000000364e-01 5.389000000000000457e-01 5.253999999999999782e-01 5.322999999999999954e-01
5.286999999999999478e-01 5.379000000000000448e-01 4.573999999999999733e-01 5.354999999999999760e-01 5.315999999999999615e-01 5.450000000000000400e-01 5.157000000000000473e-01 5.322999999999999954e-01 5.268000000000000460e-01 5.205999999999999517e-01 5.361000000000000210e-01 5.395999999999999686e-01 5.276999999999999469e-01 5.285999999999999588e-01 5.421000000000000263e-01 5.358000000000000540e-01 5.379000000000000448e-01 5.301000000000000156e-01 5.235999999999999543e-01 5.544000000000000039e-01
5.417999999999999483e-01 5.430000000000000382e-01 4.647000000000000020e-01 5.399000000000000465e-01 5.245999999999999552e-01 5.228000000000000425e-01 5.167000000000000481e-01 5.262000000000000011e-01 5.278000000000000469e-01 5.406999999999999584e-01 5.325999999999999623e-01 5.315999999999999615e-01 5.403000000000000025e-01 5.355999999999999650e-01 5.405999999999999694e-01 5.372000000000000108e-01 5.453999999999999959e-01 5.366999999999999549e-01 5.334999999999999742e-01 5.433000000000000052e-01
5.168000000000000371e-01 5.330000000000000293e-01 4.713999999999999857e-01 5.308000000000000496e-01 5.340000000000000302e-01 5.219000000000000306e-01 5.227000000000000535e-01 5.305999999999999606e-01 5.323999999999999844e-01 5.414999999999999813e-01 5.374999999999999778e-01 5.376999999999999558e-01 5.414999999999999813e-01 5.336999999999999522e-01 5.341000000000000192e-01 5.284999999999999698e-01 5.387999999999999456e-01 5.431000000000000272e-01 5.296999999999999487e-01 5.473000000000000087e-01
5.229000000000000314e-01 5.284999999999999698e-01 4.727000000000000091e-01 5.365999999999999659e-01 5.292000000000000037e-01 5.389000000000000457e-01 5.104999999999999538e-01 5.234999999999999654e-01 5.348000000000000531e-01 5.258000000000000451e-01 5.351000000000000201e-01 5.260000000000000231e-01 5.391000000000000236e-01 5.310000000000000275e-01 5.306999999999999496e-01 5.290000000000000258e-01 5.384999999999999787e-01 5.245999999999999552e-01 5.211999999999999966e-01 5.427999999999999492e-01
5.362000000000000099e-01 5.162999999999999812e-01 4.662000000000000033e-01 5.382000000000000117e-01 5.305999999999999606e-01 5.383999999999999897e-01 5.131999999999999895e-01 5.228000000000000425e-01 5.335999999999999632e-01 5.382000000000000117e-01 5.392000000000000126e-01 5.255999999999999561e-01 5.405999999999999694e-01 5.284999999999999698e-01 5.374999999999999778e-01 5.382000000000000117e-01 5.343999999999999861e-01 5.399000000000000465e-01 5.269000000000000350e-01 5.299000000000000377e-01
5.412000000000000144e-01 5.306999999999999496e-01 4.618999999999999773e-01 5.290000000000000258e-01 5.259000000000000341e-01 5.362000000000000099e-01 5.122999999999999776e-01 5.273999999999999799e-01 5.162999999999999812e-01 5.446999999999999620e-01 5.372999999999999998e-01 5.322000000000000064e-01 5.292000000000000037e-01 5.189000000000000279e-01 5.250000000000000222e-01 5.361000000000000210e-01 5.282999999999999918e-01 5.441000000000000281e-01 5.271000000000000130e-01 5.358000000000000540e-01
5.260000000000000231e-01 5.251000000000000112e-01 4.642999999999999905e-01 5.426999999999999602e-01 5.372999999999999998e-01 5.405999999999999694e-01 5.020000000000000018e-01 5.394999999999999796e-01 5.366999999999999549e-01 5.291000000000000147e-01 5.322999999999999954e-01 5.363999999999999879e-01 5.386999999999999567e-01 5.348000000000000531e-01 5.250000000000000222e-01 5.259000000000000341e-01 5.376999999999999558e-01 5.356999999999999540e-01 5.362000000000000099e-01 5.298000000000000487e-01
5.312999999999999945e-01 5.427999999999999492e-01 4.631000000000000116e-01 5.373999999999999888e-01 5.286999999999999478e-01 5.386999999999999567e-01 5.199000000000000288e-01 5.269000000000000350e-01 5.361000000000000210e-01 5.192999999999999838e-01 5.407999999999999474e-01 5.413999999999999924e-01 5.303999999999999826e-01 5.271000000000000130e-01 5.299000000000000377e-01 5.349000000000000421e-01 5.401000000000000245e-01 5.345999999999999641e-01 5.339000000000000412e-01 5.360000000000000320e-01
5.330000000000000293e-01 5.302000000000000046e-01 4.485999999999999988e-01 5.392000000000000126e-01 5.250000000000000222e-01 5.252999999999999892e-01 5.159000000000000252e-01 5.293999999999999817e-01 5.270000000000000240e-01 5.414999999999999813e-01 5.215999999999999526e-01 5.282000000000000028e-01 5.446999999999999620e-01 5.295999999999999597e-01 5.328000000000000513e-01 5.278000000000000469e-01 5.306999999999999496e-01 5.302000000000000046e-01 5.383999999999999897e-01 5.426999999999999602e-01
5.213999999999999746e-01 5.396999999999999575e-01 4.576000000000000068e-01 5.326999999999999513e-01 5.340000000000000302e-01 5.366999999999999549e-01 5.241999999999999993e-01 5.332999999999999963e-01 5.313999999999999835e-01 5.437999999999999501e-01 5.207000000000000517e-01 5.273999999999999799e-01 5.302000000000000046e-01 5.310000000000000275e-01 5.346999999999999531e-01 5.396999999999999575e-01 5.414999999999999813e-01 5.343999999999999861e-01 5.244999999999999662e-01 5.481000000000000316e-01
5.319000000000000394e-01 5.302000000000000046e-01 4.623999999999999777e-01 5.343999999999999861e-01 5.272999999999999909e-01 5.286999999999999478e-01 5.066000000000000503e-01 5.310000000000000275e-01 5.203999999999999737e-01 5.278000000000000469e-01 5.282000000000000028e-01 5.321000000000000174e-01 5.401000000000000245e-01 5.281000000000000139e-01 5.225999999999999535e-01 5.380000000000000338e-01 5.348000000000000531e-01 5.334999999999999742e-01 5.373999999999999888e-01 5.288000000000000478e-01
5.340000000000000302e-01 5.354999999999999760e-01 4.522999999999999798e-01 5.383999999999999897e-01 5.361000000000000210e-01 5.376999999999999558e-01 5.118000000000000327e-01 5.338000000000000522e-01 5.313999999999999835e-01 5.420000000000000373e-01 5.248000000000000442e-01 5.284999999999999698e-01 5.218000000000000416e-01 5.322999999999999954e-01 5.324999999999999734e-01 5.220000000000000195e-01 5.323999999999999844e-01 5.370000000000000329e-01 5.336999999999999522e-01 5.333999999999999853e-01
5.330000000000000293e-01 5.231000000000000094e-01 4.683999999999999830e-01 5.332999999999999963e-01 5.330000000000000293e-01 5.324999999999999734e-01 5.081999999999999851e-01 5.294999999999999707e-01 5.245999999999999552e-01 5.291000000000000147e-01 5.354999999999999760e-01 5.252999999999999892e-01 5.305999999999999606e-01 5.431000000000000272e-01 5.372000000000000108e-01 5.443000000000000060e-01 5.229000000000000314e-01 5.332000000000000073e-01 5.243999999999999773e-01 5.396999999999999575e-01
5.389000000000000457e-01 5.335999999999999632e-01 4.567999999999999838e-01 5.341000000000000192e-01 5.312999999999999945e-01 5.372999999999999998e-01 5.098000000000000309e-01 5.300000000000000266e-01 5.377999999999999448e-01 5.322999999999999954e-01 5.269000000000000350e-01 5.336999999999999522e-01 5.179000000000000270e-01 5.396999999999999575e-01 5.354999999999999760e-01 5.433000000000000052e-01 5.399000000000000465e-01 5.343999999999999861e-01 5.354999999999999760e-01 5.432000000000000162e-01
5.210000000000000187e-01 5.320000000000000284e-01 4.570000000000000173e-01 5.417999999999999483e-01 5.362000000000000099e-01 5.308000000000000496e-01 5.152999999999999803e-01 5.211999999999999966e-01 5.304999999999999716e-01 5.207000000000000517e-01 5.286999999999999478e-01 5.281000000000000139e-01 5.252000000000000002e-01 5.332999999999999963e-01 5.189000000000000279e-01 5.299000000000000377e-01 5.305999999999999606e-01 5.321000000000000174e-01 5.292000000000000037e-01 5.179000000000000270e-01
5.205999999999999517e-01 5.441000000000000281e-01 4.643999999999999795e-01 5.251000000000000112e-01 5.375999999999999668e-01 5.336999999999999522e-01 5.078000000000000291e-01 5.322999999999999954e-01 5.285999999999999588e-01 5.409000000000000474e-01 5.260000000000000231e-01 5.397999999999999465e-01 5.372000000000000108e-01 5.335999999999999632e-01 5.383999999999999897e-01 5.430000000000000382e-01 5.354999999999999760e-01 5.354999999999999760e-01 5.338000000000000522e-01 5.424999999999999822e-01
5.300000000000000266e-01 5.296999999999999487e-01 4.521999999999999909e-01 5.410000000000000364e-01 5.353999999999999870e-01 5.312999999999999945e-01 5.046000000000000485e-01 5.242999999999999883e-01 5.352999999999999980e-01 5.292999999999999927e-01 5.329000000000000403e-01 5.392000000000000126e-01 5.271000000000000130e-01 5.395999999999999686e-01 5.312000000000000055e-01 5.253999999999999782e-01 5.326999999999999513e-01 5.276999999999999469e-01 5.251000000000000112e-01 5.354999999999999760e-01
5.248000000000000442e-01 5.223999999999999755e-01 4.419000000000000150e-01 5.413000000000000034e-01 5.240000000000000213e-01 5.349000000000000421e-01 5.026000000000000467e-01 5.284999999999999698e-01 5.328000000000000513e-01 5.303999999999999826e-01 5.316999999999999504e-01 5.334999999999999742e-01 5.334999999999999742e-01 5.346999999999999531e-01 5.319000000000000394e-01 5.294999999999999707e-01 5.192999999999999838e-01 5.390000000000000346e-01 5.302000000000000046e-01 5.462000000000000188e-01
5.241000000000000103e-01 5.346999999999999531e-01 4.689999999999999725e-01 5.362000000000000099e-01 5.335999999999999632e-01 5.324999999999999734e-01 5.008000000000000229e-01 5.331000000000000183e-01 5.276999999999999469e-01 5.306999999999999496e-01 5.372000000000000108e-01 5.262000000000000011e-01 5.272999999999999909e-01 5.354999999999999760e-01 5.353999999999999870e-01 5.339000000000000412e-01 5.352000000000000091e-01 5.283999999999999808e-01 5.319000000000000394e-01 5.184999999999999609e-01
5.324999999999999734e-01 5.270000000000000240e-01 4.489000000000000212e-01 5.293999999999999817e-01 5.393000000000000016e-01 5.416999999999999593e-01 5.078000000000000291e-01 5.225999999999999535e-01 5.396999999999999575e-01 5.371000000000000218e-01 5.364999999999999769e-01 5.395999999999999686e-01 5.252000000000000002e-01 5.304999999999999716e-01 5.312999999999999945e-01 5.318000000000000504e-01 5.254999999999999671e-01 5.427999999999999492e-01 5.272000000000000020e-01 5.407999999999999474e-01
5.273999999999999799e-01 5.312000000000000055e-01 4.571000000000000063e-01 5.373999999999999888e-01 5.304999999999999716e-01 5.435999999999999721e-01 5.087000000000000410e-01 5.332999999999999963e-01 5.339000000000000412e-01 5.286999999999999478e-01 5.371000000000000218e-01 5.300000000000000266e-01 5.369000000000000439e-01 5.372000000000000108e-01 5.312999999999999945e-01 5.403999999999999915e-01 5.344999999999999751e-01 5.376999999999999558e-01 5.271000000000000130e-01 5.344999999999999751e-01
5.271000000000000130e-01 5.394999999999999796e-01 4.557999999999999829e-01 5.250000000000000222e-01 5.315999999999999615e-01 5.272000000000000020e-01 5.064999999999999503e-01 5.332999999999999963e-01 5.326999999999999513e-01 5.415999999999999703e-01 5.285999999999999588e-01 5.323999999999999844e-01 5.285999999999999588e-01 5.338000000000000522e-01 5.362000000000000099e-01 5.314999999999999725e-01 5.286999999999999478e-01 5.280000000000000249e-01 5.356999999999999540e-01 5.298000000000000487e-01
5.312999999999999945e-01 5.320000000000000284e-01 4.642999999999999905e-01 5.384999999999999787e-01 5.293999999999999817e-01 5.251000000000000112e-01 5.127000000000000446e-01 5.321000000000000174e-01 5.256999999999999451e-01 5.382000000000000117e-01 5.221000000000000085e-01 5.250000000000000222e-01 5.354999999999999760e-01 5.451000000000000290e-01 5.377999999999999448e-01 5.253999999999999782e-01 5.253999999999999782e-01 5.224999999999999645e-01 5.291000000000000147e-01 5.333999999999999853e-01
5.296999999999999487e-01 5.386999999999999567e-01 4.527999999999999803e-01 5.362999999999999989e-01 5.274999999999999689e-01 5.228000000000000425e-01 5.073999999999999622e-01 5.233999999999999764e-01 5.319000000000000394e-01 5.221000000000000085e-01 5.272999999999999909e-01 5.416999999999999593e-01 5.364999999999999769e-01 5.316999999999999504e-01 5.304999999999999716e-01 5.342999999999999972e-01 5.443999999999999950e-01 5.322000000000000064e-01 5.293999999999999817e-01 5.343999999999999861e-01
5.219000000000000306e-01 5.252000000000000002e-01 4.500000000000000111e-01 5.346999999999999531e-01 5.241999999999999993e-01 5.298000000000000487e-01 5.138000000000000345e-01 5.168000000000000371e-01 5.231000000000000094e-01 5.231999999999999984e-01 5.279000000000000359e-01 5.311000000000000165e-01 5.238000000000000433e-01 5.288000000000000478e-01 5.360000000000000320e-01 5.255999999999999561e-01 5.319000000000000394e-01 5.291000000000000147e-01 5.279000000000000359e-01 5.389000000000000457e-01
5.254999999999999671e-01 5.237000000000000544e-01 4.572999999999999843e-01 5.386999999999999567e-01 5.370000000000000329e-01 5.263999999999999790e-01 4.915999999999999814e-01 5.292999999999999927e-01 5.249000000000000332e-01 5.328000000000000513e-01 5.109000000000000208e-01 5.170000000000000151e-01 5.323999999999999844e-01 5.298000000000000487e-01 5.405999999999999694e-01 5.324999999999999734e-01 5.270000000000000240e-01 5.323999999999999844e-01 5.383000000000000007e-01 5.361000000000000210e-01
5.209000000000000297e-01 5.416999999999999593e-01 4.570000000000000173e-01 5.320000000000000284e-01 5.377999999999999448e-01 5.371000000000000218e-01 4.970999999999999863e-01 5.252999999999999892e-01 5.250000000000000222e-01 5.410000000000000364e-01 5.342999999999999972e-01 5.290000000000000258e-01 5.363999999999999879e-01 5.339000000000000412e-01 5.318000000000000504e-01 5.370000000000000329e-01 5.393999999999999906e-01 5.339000000000000412e-01 5.312000000000000055e-01 5.370000000000000329e-01
5.232999999999999874e-01 5.187000000000000499e-01 4.582999999999999852e-01 5.354999999999999760e-01 5.354999999999999760e-01 5.335999999999999632e-01 5.100999999999999979e-01 5.253999999999999782e-01 5.349000000000000421e-01 5.272000000000000020e-01 5.284999999999999698e-01 5.279000000000000359e-01 5.368000000000000549e-01 5.311000000000000165e-01 5.274999999999999689e-01 5.389000000000000457e-01 5.269000000000000350e-01 5.402000000000000135e-01 5.308000000000000496e-01 5.273999999999999799e-01
5.298000000000000487e-01 5.282000000000000028e-01 4.511000000000000010e-01 5.361000000000000210e-01 5.274999999999999689e-01 5.254999999999999671e-01 5.071999999999999842e-01 5.313999999999999835e-01 5.324999999999999734e-01 5.311000000000000165e-01 5.292000000000000037e-01 5.359000000000000430e-01 5.308000000000000496e-01 5.224999999999999645e-01 5.177000000000000490e-01 5.282000000000000028e-01 5.244999999999999662e-01 5.405999999999999694e-01 5.362999999999999989e-01 5.304999999999999716e-01
5.324999999999999734e-01 5.255999999999999561e-01 4.455000000000000071e-01 5.325999999999999623e-01 5.405999999999999694e-01 5.303999999999999826e-01 5.155999999999999472e-01 5.149000000000000243e-01 5.340000000000000302e-01 5.343999999999999861e-01 5.106000000000000538e-01 5.350000000000000311e-01 5.248000000000000442e-01 5.379000000000000448e-01 5.193999999999999728e-01 5.393000000000000016e-01 5.380000000000000338e-01 5.331000000000000183e-01 5.171000000000000041e-01 5.322000000000000064e-01
5.167000000000000481e-01 5.276999999999999469e-01 4.944999999999999951e-01 5.294999999999999707e-01 5.362000000000000099e-01 5.320000000000000284e-01 5.134999999999999565e-01 5.282999999999999918e-01 5.291000000000000147e-01 5.413000000000000034e-01 5.301000000000000156e-01 5.252000000000000002e-01 5.304999999999999716e-01 5.281000000000000139e-01 5.358000000000000540e-01 5.249000000000000332e-01 5.336999999999999522e-01 5.261000000000000121e-01 5.439000000000000501e-01 5.373999999999999888e-01
5.320000000000000284e-01 5.308000000000000496e-01 4.938000000000000167e-01 5.370000000000000329e-01 5.310000000000000275e-01 5.421000000000000263e-01 5.090000000000000080e-01 5.361000000000000210e-01 5.376999999999999558e-01 5.362000000000000099e-01 5.364999999999999769e-01 5.302000000000000046e-01 5.308000000000000496e-01 5.342999999999999972e-01 5.342000000000000082e-01 5.381000000000000227e-01 5.248000000000000442e-01 5.231000000000000094e-01 5.326999999999999513e-01 5.416999999999999593e-01
5.330000000000000293e-01 5.352000000000000091e-01 4.880999999999999783e-01 5.353999999999999870e-01 5.352000000000000091e-01 5.334999999999999742e-01 5.111999999999999877e-01 5.324999999999999734e-01 5.332999999999999963e-01 5.336999999999999522e-01 5.113999999999999657e-01 5.231999999999999984e-01 5.338000000000000522e-01 5.380000000000000338e-01 5.389000000000000457e-01 5.312000000000000055e-01 5.302000000000000046e-01 5.401000000000000245e-01 5.283999999999999808e-01 5.375999999999999668e-01
5.325999999999999623e-01 5.372000000000000108e-01 4.907000000000000250e-01 5.258000000000000451e-01 5.319000000000000394e-01 5.383999999999999897e-01 5.029000000000000137e-01 5.282999999999999918e-01 5.278000000000000469e-01 5.392000000000000126e-01 5.241000000000000103e-01 5.338000000000000522e-01 5.341000000000000192e-01 5.370000000000000329e-01 5.374999999999999778e-01 5.320000000000000284e-01 5.323999999999999844e-01 5.308000000000000496e-01 5.409000000000000474e-01 5.319000000000000394e-01
5.392000000000000126e-01 5.263999999999999790e-01 4.882000000000000228e-01 5.203999999999999737e-01 5.361000000000000210e-01 5.219000000000000306e-01 5.018000000000000238e-01 5.229000000000000314e-01 5.422000000000000153e-01 5.375999999999999668e-01 5.349000000000000421e-01 5.383999999999999897e-01 5.465999999999999748e-01 5.342000000000000082e-01 5.229000000000000314e-01 5.288000000000000478e-01 5.263999999999999790e-01 5.324999999999999734e-01 5.283999999999999808e-01 5.364999999999999769e-01
5.281000000000000139e-01 5.433000000000000052e-01 4.828999999999999959e-01 5.371000000000000218e-01 5.209000000000000297e-01 5.269000000000000350e-01 4.990999999999999881e-01 5.292000000000000037e-01 5.291000000000000147e-01 5.359000000000000430e-01 5.295999999999999597e-01 5.197000000000000508e-01 5.272999999999999909e-01 5.452000000000000179e-01 5.270000000000000240e-01 5.244999999999999662e-01 5.266999999999999460e-01 5.263999999999999790e-01 5.389000000000000457e-01 5.326999999999999513e-01
5.348000000000000531e-01 5.319000000000000394e-01 4.965999999999999859e-01 5.302000000000000046e-01 5.331000000000000183e-01 5.377999999999999448e-01 5.011999999999999789e-01 5.306999999999999496e-01 5.305999999999999606e-01 5.349000000000000421e-01 5.270000000000000240e-01 5.271000000000000130e-01 5.349000000000000421e-01 5.351000000000000201e-01 5.280000000000000249e-01 5.349000000000000421e-01 5.368000000000000549e-01 5.316999999999999504e-01 5.328000000000000513e-01 5.434999999999999831e-01
5.262000000000000011e-01 5.360000000000000320e-01 5.165999999999999481e-01 5.336999999999999522e-01 5.371000000000000218e-01 5.331000000000000183e-01 5.037000000000000366e-01 5.239000000000000323e-01 5.272000000000000020e-01 5.198000000000000398e-01 5.338000000000000522e-01 5.266999999999999460e-01 5.315999999999999615e-01 5.322000000000000064e-01 5.306999999999999496e-01 5.340000000000000302e-01 5.293999999999999817e-01 5.403000000000000025e-01 5.301000000000000156e-01 5.270000000000000240e-01
5.351000000000000201e-01 5.271000000000000130e-01 5.377999999999999448e-01 5.313999999999999835e-01 5.362999999999999989e-01 5.244999999999999662e-01 5.037000000000000366e-01 5.247000000000000552e-01 5.258000000000000451e-01 5.365999999999999659e-01 5.293999999999999817e-01 5.316999999999999504e-01 5.385999999999999677e-01 5.365999999999999659e-01 5.189000000000000279e-01 5.322999999999999954e-01 5.323999999999999844e-01 5.302000000000000046e-01 5.332999999999999963e-01 5.429000000000000492e-01
5.332000000000000073e-01 5.215999999999999526e-01 5.313999999999999835e-01 5.224999999999999645e-01 5.371000000000000218e-01 5.396999999999999575e-01 5.116000000000000547e-01 5.292000000000000037e-01 5.285999999999999588e-01 5.312000000000000055e-01 5.210000000000000187e-01 5.371000000000000218e-01 5.284999999999999698e-01 5.323999999999999844e-01 5.423999999999999932e-01 5.336999999999999522e-01 5.329000000000000403e-01 5.281000000000000139e-01 5.221000000000000085e-01 5.352000000000000091e-01
5.279000000000000359e-01 5.414999999999999813e-01 5.342000000000000082e-01 5.305999999999999606e-01 5.372000000000000108e-01 5.264999999999999680e-01 5.110000000000000098e-01 5.406999999999999584e-01 5.245999999999999552e-01 5.451000000000000290e-01 5.266999999999999460e-01 5.244999999999999662e-01 5.227000000000000535e-01 5.271000000000000130e-01 5.286999999999999478e-01 5.406999999999999584e-01 5.298000000000000487e-01 5.352999999999999980e-01 5.345999999999999641e-01 5.350000000000000311e-01
5.248000000000000442e-01 5.325999999999999623e-01 5.266999999999999460e-01 5.363999999999999879e-01 5.202999999999999847e-01 5.278000000000000469e-01 4.994000000000000106e-01 5.330000000000000293e-01 5.441000000000000281e-01 5.384999999999999787e-01 5.215999999999999526e-01 5.340000000000000302e-01 5.320000000000000284e-01 5.352000000000000091e-01 5.453000000000000069e-01 5.467999999999999527e-01 5.370000000000000329e-01 5.293999999999999817e-01 5.351000000000000201e-01 5.332999999999999963e-01
5.390000000000000346e-01 5.387999999999999456e-01 5.310000000000000275e-01 5.355999999999999650e-01 5.456999999999999629e-01 5.232999999999999874e-01 5.016000000000000458e-01 5.253999999999999782e-01 5.333999999999999853e-01 5.361000000000000210e-01 5.270000000000000240e-01 5.171000000000000041e-01 5.296999999999999487e-01 5.369000000000000439e-01 5.381000000000000227e-01 5.374999999999999778e-01 5.245999999999999552e-01 5.331000000000000183e-01 5.365999999999999659e-01 5.411000000000000254e-01
5.300000000000000266e-01 5.401000000000000245e-01 5.394999999999999796e-01 5.377999999999999448e-01 5.432000000000000162e-01 5.355999999999999650e-01 4.899000000000000021e-01 5.329000000000000403e-01 5.334999999999999742e-01 5.322000000000000064e-01 5.328000000000000513e-01 5.332999999999999963e-01 5.363999999999999879e-01 5.437999999999999501e-01 5.291000000000000147e-01 5.248000000000000442e-01 5.332999999999999963e-01 5.302999999999999936e-01 5.364999999999999769e-01 5.322000000000000064e-01
5.185999999999999499e-01 5.263999999999999790e-01 5.315999999999999615e-01 5.383000000000000007e-01 5.212999999999999856e-01 5.392000000000000126e-01 5.082999999999999741e-01 5.241999999999999993e-01 5.296999999999999487e-01 5.449000000000000510e-01 5.364999999999999769e-01 5.359000000000000430e-01 5.278000000000000469e-01 5.304999999999999716e-01 5.256999999999999451e-01 5.354999999999999760e-01 5.251000000000000112e-01 5.385999999999999677e-01 5.341000000000000192e-01 5.315999999999999615e-01
5.325999999999999623e-01 5.208000000000000407e-01 5.314999999999999725e-01 5.364999999999999769e-01 5.351000000000000201e-01 5.300000000000000266e-01 5.053999999999999604e-01 5.320000000000000284e-01 5.354999999999999760e-01 5.314999999999999725e-01 5.343999999999999861e-01 5.331000000000000183e-01 5.373999999999999888e-01 5.377999999999999448e-01 5.274999999999999689e-01 5.251000000000000112e-01 5.437999999999999501e-01 5.341000000000000192e-01 5.379000000000000448e-01 5.393999999999999906e-01
5.217000000000000526e-01 5.310000000000000275e-01 5.282999999999999918e-01 5.383000000000000007e-01 5.306999999999999496e-01 5.296999999999999487e-01 5.090000000000000080e-01 5.298000000000000487e-01 5.370000000000000329e-01 5.202999999999999847e-01 5.275999999999999579e-01 5.282999999999999918e-01 5.325999999999999623e-01 5.291000000000000147e-01 5.393999999999999906e-01 5.340000000000000302e-01 5.299000000000000377e-01 5.365999999999999659e-01 5.209000000000000297e-01 5.322000000000000064e-01
5.382000000000000117e-01 5.350000000000000311e-01 5.318000000000000504e-01 5.221000000000000085e-01 5.386999999999999567e-01 5.291000000000000147e-01 5.191000000000000059e-01 5.221999999999999975e-01 5.272000000000000020e-01 5.348000000000000531e-01 5.322999999999999954e-01 5.343999999999999861e-01 5.258000000000000451e-01 5.356999999999999540e-01 5.330000000000000293e-01 5.285999999999999588e-01 5.296999999999999487e-01 5.335999999999999632e-01 5.324999999999999734e-01 5.397999999999999465e-01
5.362000000000000099e-01 5.371000000000000218e-01 5.389000000000000457e-01 5.422000000000000153e-01 5.323999999999999844e-01 5.345999999999999641e-01 4.956999999999999740e-01 5.330000000000000293e-01 5.214999999999999636e-01 5.436999999999999611e-01 5.272999999999999909e-01 5.242999999999999883e-01 5.268000000000000460e-01 5.345999999999999641e-01 5.281000000000000139e-01 5.383999999999999897e-01 5.311000000000000165e-01 5.341000000000000192e-01 5.190000000000000169e-01 5.318000000000000504e-01
5.338000000000000522e-01 5.371000000000000218e-01 5.372999999999999998e-01 5.342000000000000082e-01 5.346999999999999531e-01 5.350000000000000311e-01 5.040000000000000036e-01 5.225999999999999535e-01 5.302000000000000046e-01 5.292999999999999927e-01 5.342000000000000082e-01 5.279000000000000359e-01 5.306999999999999496e-01 5.275999999999999579e-01 5.227000000000000535e-01 5.234999999999999654e-01 5.276999999999999469e-01 5.335999999999999632e-01 5.334999999999999742e-01 5.440000000000000391e-01
