1.208999999999999936e-01 1.000000000000000056e-01 1.000000000000000056e-01 1.116000000000000048e-01 1.057000000000000023e-01 1.406000000000000028e-01 1.812000000000000000e-01 1.000000000000000056e-01 1.184000000000000052e-01 1.000000000000000056e-01 1.519999999999999962e-01 1.718999999999999972e-01 1.831000000000000127e-01 1.605000000000000038e-01 1.756999999999999951e-01 1.976999999999999869e-01 1.574000000000000121e-01 1.691999999999999893e-01 1.864000000000000101e-01 1.733999999999999986e-01
1.560999999999999888e-01 1.000000000000000056e-01 1.272000000000000075e-01 1.363000000000000045e-01 1.577000000000000068e-01 2.051000000000000045e-01 1.847999999999999921e-01 1.589000000000000135e-01 1.754000000000000004e-01 1.776000000000000079e-01 2.298000000000000043e-01 2.248999999999999888e-01 2.253999999999999893e-01 2.066000000000000059e-01 2.233999999999999875e-01 2.278000000000000025e-01 2.353000000000000091e-01 1.935999999999999943e-01 2.296999999999999875e-01 1.773000000000000131e-01
1.653000000000000025e-01 1.248999999999999971e-01 1.436000000000000054e-01 1.913999999999999868e-01 1.801000000000000101e-01 1.988999999999999935e-01 1.597000000000000086e-01 1.968999999999999917e-01 1.882999999999999952e-01 1.973999999999999921e-01 2.565999999999999948e-01 2.409000000000000030e-01 2.867000000000000104e-01 2.580999999999999961e-01 2.535000000000000031e-01 2.803999999999999826e-01 2.801000000000000156e-01 2.644000000000000239e-01 2.752000000000000002e-01 2.544000000000000150e-01
1.957000000000000128e-01 1.572000000000000064e-01 1.579000000000000126e-01 1.787999999999999867e-01 1.680999999999999994e-01 2.061999999999999944e-01 1.885000000000000009e-01 1.965000000000000080e-01 2.348000000000000087e-01 2.053999999999999992e-01 2.937000000000000166e-01 2.960999999999999743e-01 3.024000000000000021e-01 3.035999999999999810e-01 2.795000000000000262e-01 3.017000000000000237e-01 2.999999999999999889e-01 2.897000000000000131e-01 3.047000000000000264e-01 3.063000000000000167e-01
2.260999999999999954e-01 1.622999999999999998e-01 1.862999999999999934e-01 1.859999999999999987e-01 2.015000000000000124e-01 2.134999999999999953e-01 2.159000000000000086e-01 2.245999999999999941e-01 2.526999999999999802e-01 2.053999999999999992e-01 3.039999999999999925e-01 3.234000000000000208e-01 3.094999999999999973e-01 3.195000000000000062e-01 2.993999999999999995e-01 3.134000000000000119e-01 3.181999999999999829e-01 3.039000000000000035e-01 3.197999999999999732e-01 3.244000000000000217e-01
2.442000000000000004e-01 1.995000000000000107e-01 1.930999999999999939e-01 2.184999999999999998e-01 2.290000000000000091e-01 2.290000000000000091e-01 2.426999999999999991e-01 2.485999999999999877e-01 2.661999999999999922e-01 2.202999999999999958e-01 3.306000000000000050e-01 3.316000000000000059e-01 3.225999999999999979e-01 3.330000000000000182e-01 3.356999999999999984e-01 3.318999999999999728e-01 3.185999999999999943e-01 3.236999999999999877e-01 3.300000000000000155e-01 3.331000000000000072e-01
2.525000000000000022e-01 2.164999999999999980e-01 1.993000000000000049e-01 2.346000000000000030e-01 2.535999999999999921e-01 2.661000000000000032e-01 2.594000000000000195e-01 2.720000000000000195e-01 2.871000000000000218e-01 2.300000000000000100e-01 3.378999999999999782e-01 3.292999999999999816e-01 3.437999999999999945e-01 3.335000000000000187e-01 3.400000000000000244e-01 3.400000000000000244e-01 3.442999999999999949e-01 3.251999999999999891e-01 3.371000000000000107e-01 3.437999999999999945e-01
2.624000000000000221e-01 2.487999999999999934e-01 2.061000000000000054e-01 2.545000000000000040e-01 2.610000000000000098e-01 2.965999999999999748e-01 2.888999999999999901e-01 2.888999999999999901e-01 3.171999999999999820e-01 2.510000000000000009e-01 3.397000000000000020e-01 3.377000000000000002e-01 3.584999999999999853e-01 3.493999999999999884e-01 3.577000000000000179e-01 3.538999999999999924e-01 3.613999999999999990e-01 3.412999999999999923e-01 3.558999999999999941e-01 3.592000000000000193e-01
2.701000000000000068e-01 2.726999999999999980e-01 2.175999999999999879e-01 2.680000000000000160e-01 2.755000000000000226e-01 3.044000000000000039e-01 2.871000000000000218e-01 3.029999999999999916e-01 3.398999999999999799e-01 2.760000000000000231e-01 3.543999999999999928e-01 3.599999999999999867e-01 3.635999999999999788e-01 3.479999999999999760e-01 3.477000000000000091e-01 3.639999999999999902e-01 3.705999999999999850e-01 3.607000000000000206e-01 3.593999999999999972e-01 3.683000000000000163e-01
2.756000000000000116e-01 2.752000000000000002e-01 2.263999999999999901e-01 2.740000000000000213e-01 3.043000000000000149e-01 3.130000000000000004e-01 3.094999999999999973e-01 3.154000000000000137e-01 3.452000000000000068e-01 2.914999999999999813e-01 3.629999999999999893e-01 3.728000000000000203e-01 3.682000000000000273e-01 3.658000000000000140e-01 3.667000000000000259e-01 3.687000000000000277e-01 3.785000000000000031e-01 3.659000000000000030e-01 3.698000000000000176e-01 3.768000000000000238e-01
2.783999999999999808e-01 2.898000000000000020e-01 2.310000000000000109e-01 2.879999999999999782e-01 3.297999999999999821e-01 3.184000000000000163e-01 3.163000000000000256e-01 3.018000000000000127e-01 3.573000000000000065e-01 3.033000000000000140e-01 3.786999999999999811e-01 3.849000000000000199e-01 3.804000000000000159e-01 3.788000000000000256e-01 3.829000000000000181e-01 3.810999999999999943e-01 3.801999999999999824e-01 3.583999999999999964e-01 3.894000000000000239e-01 3.890000000000000124e-01
2.852999999999999980e-01 2.974999999999999867e-01 2.263999999999999901e-01 3.019999999999999907e-01 3.276999999999999913e-01 3.371000000000000107e-01 3.294000000000000261e-01 3.305000000000000160e-01 3.674999999999999933e-01 3.025999999999999801e-01 3.649999999999999911e-01 3.886999999999999900e-01 3.930000000000000160e-01 3.783000000000000251e-01 3.696999999999999731e-01 3.864000000000000212e-01 3.986999999999999988e-01 3.820000000000000062e-01 3.760999999999999899e-01 3.932999999999999829e-01
2.851000000000000201e-01 3.073000000000000176e-01 2.487999999999999934e-01 2.989999999999999880e-01 3.553000000000000047e-01 3.392000000000000015e-01 3.313999999999999724e-01 3.452999999999999958e-01 3.682000000000000273e-01 3.220000000000000084e-01 4.012000000000000011e-01 3.877999999999999781e-01 4.028999999999999804e-01 3.824000000000000177e-01 3.936999999999999944e-01 3.993999999999999773e-01 4.023999999999999799e-01 3.930000000000000160e-01 3.831999999999999851e-01 4.017000000000000015e-01
2.964999999999999858e-01 3.078000000000000180e-01 2.681999999999999940e-01 3.284000000000000252e-01 3.528999999999999915e-01 3.400000000000000244e-01 3.380000000000000226e-01 3.521000000000000241e-01 3.975000000000000200e-01 3.232999999999999763e-01 4.133000000000000007e-01 4.084999999999999742e-01 4.042000000000000037e-01 3.926000000000000045e-01 3.995000000000000218e-01 3.968999999999999750e-01 4.015000000000000235e-01 4.035000000000000253e-01 4.114999999999999769e-01 3.837999999999999745e-01
2.958000000000000074e-01 3.002000000000000224e-01 2.760000000000000231e-01 3.309000000000000274e-01 3.698000000000000176e-01 3.583000000000000074e-01 3.504999999999999782e-01 3.659999999999999920e-01 4.026000000000000134e-01 3.443999999999999839e-01 4.176000000000000267e-01 4.020000000000000240e-01 4.056000000000000161e-01 4.002999999999999892e-01 4.053999999999999826e-01 4.153999999999999915e-01 4.148000000000000020e-01 4.151000000000000245e-01 4.117000000000000104e-01 4.192000000000000171e-01
3.015999999999999792e-01 3.073000000000000176e-01 2.822999999999999954e-01 3.311000000000000054e-01 3.891000000000000014e-01 3.572000000000000175e-01 3.513000000000000012e-01 3.557000000000000162e-01 4.109999999999999765e-01 3.537000000000000144e-01 4.074999999999999734e-01 4.219999999999999862e-01 4.220999999999999752e-01 4.139999999999999791e-01 4.067000000000000060e-01 4.096000000000000196e-01 4.315999999999999837e-01 4.218999999999999972e-01 4.210999999999999743e-01 4.318000000000000171e-01
3.145000000000000018e-01 3.326999999999999957e-01 2.716000000000000081e-01 3.383999999999999786e-01 4.023999999999999799e-01 3.640999999999999792e-01 3.593999999999999972e-01 3.719000000000000083e-01 4.109999999999999765e-01 3.557000000000000162e-01 4.316999999999999726e-01 4.038999999999999813e-01 4.279999999999999916e-01 3.896000000000000019e-01 4.233999999999999986e-01 4.302000000000000268e-01 4.228999999999999981e-01 4.144999999999999796e-01 4.294000000000000039e-01 4.223999999999999977e-01
3.262999999999999790e-01 3.328999999999999737e-01 2.735000000000000209e-01 3.532000000000000139e-01 4.073999999999999844e-01 3.708000000000000185e-01 3.587000000000000188e-01 3.854000000000000203e-01 4.278000000000000136e-01 3.547000000000000153e-01 4.374000000000000110e-01 4.300999999999999823e-01 4.227000000000000202e-01 4.242000000000000215e-01 4.167000000000000148e-01 4.361999999999999766e-01 4.437999999999999723e-01 4.283000000000000140e-01 4.363000000000000211e-01 4.330999999999999850e-01
3.260000000000000120e-01 3.382999999999999896e-01 2.798999999999999821e-01 3.612000000000000210e-01 4.157000000000000139e-01 3.805999999999999939e-01 3.726999999999999758e-01 3.775999999999999912e-01 4.447999999999999732e-01 3.780000000000000027e-01 4.475999999999999979e-01 4.363000000000000211e-01 4.304000000000000048e-01 4.364000000000000101e-01 4.379000000000000115e-01 4.484000000000000208e-01 4.487999999999999767e-01 4.181000000000000272e-01 4.455999999999999961e-01 4.274999999999999911e-01
3.346999999999999975e-01 3.464999999999999747e-01 2.927000000000000157e-01 3.845999999999999974e-01 4.239999999999999880e-01 3.860999999999999988e-01 3.635999999999999788e-01 3.869000000000000217e-01 4.186000000000000276e-01 3.966000000000000081e-01 4.435999999999999943e-01 4.419000000000000150e-01 4.440999999999999948e-01 4.480000000000000093e-01 4.304999999999999938e-01 4.461999999999999855e-01 4.393000000000000238e-01 4.338000000000000189e-01 4.395999999999999908e-01 4.596000000000000085e-01
3.271999999999999909e-01 3.377999999999999892e-01 3.009999999999999898e-01 3.900000000000000133e-01 4.233000000000000096e-01 3.899000000000000243e-01 3.796999999999999820e-01 3.986000000000000099e-01 4.529000000000000248e-01 3.904000000000000248e-01 4.490999999999999992e-01 4.521999999999999909e-01 4.525000000000000133e-01 4.474000000000000199e-01 4.450999999999999956e-01 4.531000000000000028e-01 4.566999999999999948e-01 4.375000000000000000e-01 4.563999999999999724e-01 4.613999999999999768e-01
3.422000000000000042e-01 3.442999999999999949e-01 2.955999999999999739e-01 3.901000000000000023e-01 4.254999999999999893e-01 3.996000000000000107e-01 3.904000000000000248e-01 4.040000000000000258e-01 4.474000000000000199e-01 4.061000000000000165e-01 4.507999999999999785e-01 4.339999999999999969e-01 4.078999999999999848e-01 4.506000000000000005e-01 4.581999999999999962e-01 4.501999999999999891e-01 4.586999999999999966e-01 4.526000000000000023e-01 4.494000000000000217e-01 4.481999999999999873e-01
3.347999999999999865e-01 3.607000000000000206e-01 3.071999999999999731e-01 3.961000000000000076e-01 4.486999999999999877e-01 4.071000000000000174e-01 3.916000000000000036e-01 4.107000000000000095e-01 4.182000000000000162e-01 3.895000000000000129e-01 4.641000000000000125e-01 4.571000000000000063e-01 4.616000000000000103e-01 4.549000000000000266e-01 4.603999999999999759e-01 4.645000000000000240e-01 4.593999999999999750e-01 4.680000000000000271e-01 4.091000000000000192e-01 4.586999999999999966e-01
3.487000000000000099e-01 3.649999999999999911e-01 3.075999999999999845e-01 4.016000000000000125e-01 4.539000000000000257e-01 4.025000000000000244e-01 3.971999999999999975e-01 4.131000000000000227e-01 4.567999999999999838e-01 4.228000000000000091e-01 4.667999999999999927e-01 4.636000000000000121e-01 4.608999999999999764e-01 4.613999999999999768e-01 4.546999999999999931e-01 4.637000000000000011e-01 4.681000000000000161e-01 4.646000000000000130e-01 4.632000000000000006e-01 4.711000000000000187e-01
3.506000000000000227e-01 3.551000000000000267e-01 3.099000000000000088e-01 3.958999999999999742e-01 4.428000000000000269e-01 4.007999999999999896e-01 3.987999999999999878e-01 4.038999999999999813e-01 4.672000000000000042e-01 4.173999999999999932e-01 4.655000000000000249e-01 4.698999999999999844e-01 4.628999999999999782e-01 4.687000000000000055e-01 4.681000000000000161e-01 4.668999999999999817e-01 4.666000000000000147e-01 4.576000000000000068e-01 4.692000000000000060e-01 4.577999999999999847e-01
3.523000000000000020e-01 3.700999999999999845e-01 3.126999999999999780e-01 3.967999999999999861e-01 4.608999999999999764e-01 4.179999999999999827e-01 4.079999999999999738e-01 4.097999999999999976e-01 4.778000000000000025e-01 4.253000000000000114e-01 4.657000000000000028e-01 4.741000000000000214e-01 4.822000000000000175e-01 4.693999999999999839e-01 4.662999999999999923e-01 4.762000000000000122e-01 4.786000000000000254e-01 4.635000000000000231e-01 4.689999999999999725e-01 4.729999999999999760e-01
3.583999999999999964e-01 3.463999999999999857e-01 3.164000000000000146e-01 4.118999999999999884e-01 4.650000000000000244e-01 4.204999999999999849e-01 3.862999999999999767e-01 4.269999999999999907e-01 4.636000000000000121e-01 4.299999999999999933e-01 4.582999999999999852e-01 4.803000000000000047e-01 4.520000000000000129e-01 4.793999999999999928e-01 4.786000000000000254e-01 4.828999999999999959e-01 4.662999999999999923e-01 4.768000000000000016e-01 4.630000000000000226e-01 4.678999999999999826e-01
3.602000000000000202e-01 3.615999999999999770e-01 3.256999999999999895e-01 4.087000000000000077e-01 4.718999999999999861e-01 4.143000000000000016e-01 4.097000000000000086e-01 4.354000000000000092e-01 4.893000000000000127e-01 4.158000000000000029e-01 4.485000000000000098e-01 4.665000000000000258e-01 4.771000000000000241e-01 4.694999999999999729e-01 4.859999999999999876e-01 4.660000000000000253e-01 4.637000000000000011e-01 4.858000000000000096e-01 4.837000000000000188e-01 4.889999999999999902e-01
3.637000000000000233e-01 3.400000000000000244e-01 3.204000000000000181e-01 4.203999999999999959e-01 4.665000000000000258e-01 4.321999999999999731e-01 3.965000000000000191e-01 4.378000000000000225e-01 4.768000000000000016e-01 4.414000000000000146e-01 4.883000000000000118e-01 4.719999999999999751e-01 4.913000000000000145e-01 4.903000000000000136e-01 4.625000000000000222e-01 4.834999999999999853e-01 4.460999999999999965e-01 4.857000000000000206e-01 4.699999999999999734e-01 4.744999999999999774e-01
3.447999999999999954e-01 3.779000000000000137e-01 3.150999999999999912e-01 4.264999999999999902e-01 4.601999999999999980e-01 3.965000000000000191e-01 4.037999999999999923e-01 4.199999999999999845e-01 4.519000000000000239e-01 4.450000000000000067e-01 4.875999999999999779e-01 4.933000000000000163e-01 4.847000000000000197e-01 4.723999999999999866e-01 4.783999999999999919e-01 4.597999999999999865e-01 4.803999999999999937e-01 4.847000000000000197e-01 4.445000000000000062e-01 4.965999999999999859e-01
3.685999999999999832e-01 3.837999999999999745e-01 3.255000000000000115e-01 4.279999999999999916e-01 4.793000000000000038e-01 4.391999999999999793e-01 4.116000000000000214e-01 4.192000000000000171e-01 4.797000000000000153e-01 4.319000000000000061e-01 4.941999999999999726e-01 4.899999999999999911e-01 5.011999999999999789e-01 4.924999999999999933e-01 4.944000000000000061e-01 4.954999999999999960e-01 5.012999999999999678e-01 4.536000000000000032e-01 4.708999999999999853e-01 4.908000000000000140e-01
3.654999999999999916e-01 3.789000000000000146e-01 3.265000000000000124e-01 4.166000000000000258e-01 4.782000000000000139e-01 4.166000000000000258e-01 4.168999999999999928e-01 4.418000000000000260e-01 4.919999999999999929e-01 4.329000000000000070e-01 5.000000000000000000e-01 4.961999999999999744e-01 4.889000000000000012e-01 4.956999999999999740e-01 5.006000000000000449e-01 4.818000000000000060e-01 5.020000000000000018e-01 5.019000000000000128e-01 5.007000000000000339e-01 4.772000000000000131e-01
3.781999999999999806e-01 3.687000000000000277e-01 3.098000000000000198e-01 4.298000000000000154e-01 4.806000000000000272e-01 4.254000000000000004e-01 4.210999999999999743e-01 4.451999999999999846e-01 4.882000000000000228e-01 4.510000000000000120e-01 5.071999999999999842e-01 4.917000000000000259e-01 4.581999999999999962e-01 4.963000000000000189e-01 4.914999999999999925e-01 4.905999999999999805e-01 4.991999999999999771e-01 4.934000000000000052e-01 4.806000000000000272e-01 4.949000000000000066e-01
3.825999999999999956e-01 3.647000000000000242e-01 3.313999999999999724e-01 4.420000000000000040e-01 5.037000000000000366e-01 4.428000000000000269e-01 4.234999999999999876e-01 4.349999999999999978e-01 5.052999999999999714e-01 4.404000000000000137e-01 5.020999999999999908e-01 4.611000000000000099e-01 4.784999999999999809e-01 5.054999999999999494e-01 5.094999999999999529e-01 4.946999999999999731e-01 5.058000000000000274e-01 4.822000000000000175e-01 5.003999999999999559e-01 5.039000000000000146e-01
3.822999999999999732e-01 3.836999999999999855e-01 3.265000000000000124e-01 4.363000000000000211e-01 4.692999999999999949e-01 4.368000000000000216e-01 4.204999999999999849e-01 4.444000000000000172e-01 4.714999999999999747e-01 4.204999999999999849e-01 5.086000000000000520e-01 4.858000000000000096e-01 4.843999999999999972e-01 5.028000000000000247e-01 4.829999999999999849e-01 5.165999999999999481e-01 5.189000000000000279e-01 4.953000000000000180e-01 4.782000000000000139e-01 4.616000000000000103e-01
3.801999999999999824e-01 3.920000000000000151e-01 3.291999999999999926e-01 4.354000000000000092e-01 4.995999999999999885e-01 4.375000000000000000e-01 4.199999999999999845e-01 4.481999999999999873e-01 5.110000000000000098e-01 4.757000000000000117e-01 5.044999999999999485e-01 5.072999999999999732e-01 4.934999999999999942e-01 4.815999999999999726e-01 5.053999999999999604e-01 5.128000000000000336e-01 5.051999999999999824e-01 5.013999999999999568e-01 5.155999999999999472e-01 5.133999999999999675e-01
3.886000000000000010e-01 3.817999999999999727e-01 3.245000000000000107e-01 4.415999999999999925e-01 4.608999999999999764e-01 4.466999999999999860e-01 4.083999999999999853e-01 4.477999999999999758e-01 4.845999999999999752e-01 4.605000000000000204e-01 4.924999999999999933e-01 5.083999999999999631e-01 4.430999999999999939e-01 5.110000000000000098e-01 4.890999999999999792e-01 5.050000000000000044e-01 4.990999999999999881e-01 5.143999999999999684e-01 5.063999999999999613e-01 5.041999999999999815e-01
3.881000000000000005e-01 3.778000000000000247e-01 3.353999999999999759e-01 4.284999999999999920e-01 5.076000000000000512e-01 4.420000000000000040e-01 4.284000000000000030e-01 4.477999999999999758e-01 4.956999999999999740e-01 4.524000000000000243e-01 5.174999999999999600e-01 5.127000000000000446e-01 5.220000000000000195e-01 5.091999999999999860e-01 5.114999999999999547e-01 5.091999999999999860e-01 5.182999999999999829e-01 4.582999999999999852e-01 5.059000000000000163e-01 5.071999999999999842e-01
3.629000000000000004e-01 3.946999999999999953e-01 3.408999999999999808e-01 4.497999999999999776e-01 5.101999999999999869e-01 4.319999999999999951e-01 4.238999999999999990e-01 4.610000000000000209e-01 5.198000000000000398e-01 4.671000000000000152e-01 4.646000000000000130e-01 5.114999999999999547e-01 5.209000000000000297e-01 5.158000000000000362e-01 5.219000000000000306e-01 5.134999999999999565e-01 5.010999999999999899e-01 5.169000000000000261e-01 5.147000000000000464e-01 5.181999999999999940e-01
3.557000000000000162e-01 3.931000000000000050e-01 3.130000000000000004e-01 4.345999999999999863e-01 5.122999999999999776e-01 4.324999999999999956e-01 4.329999999999999960e-01 4.647999999999999909e-01 5.074999999999999512e-01 4.662999999999999923e-01 4.874999999999999889e-01 5.179000000000000270e-01 4.974000000000000088e-01 4.833999999999999964e-01 5.127000000000000446e-01 5.096000000000000529e-01 5.200000000000000178e-01 5.044999999999999485e-01 5.113999999999999657e-01 4.804999999999999827e-01
3.936000000000000054e-01 3.771999999999999797e-01 3.310000000000000164e-01 4.490000000000000102e-01 5.010999999999999899e-01 4.905999999999999805e-01 4.373000000000000220e-01 4.623999999999999777e-01 5.199000000000000288e-01 4.822000000000000175e-01 5.128000000000000336e-01 5.183999999999999719e-01 5.228000000000000425e-01 5.050000000000000044e-01 5.117000000000000437e-01 5.119000000000000217e-01 5.281000000000000139e-01 5.235999999999999543e-01 5.210000000000000187e-01 5.191000000000000059e-01
3.800000000000000044e-01 4.215999999999999748e-01 3.361999999999999988e-01 4.490000000000000102e-01 4.919999999999999929e-01 4.965999999999999859e-01 4.514000000000000234e-01 4.682999999999999940e-01 5.285999999999999588e-01 4.747000000000000108e-01 5.148000000000000353e-01 5.280000000000000249e-01 5.138000000000000345e-01 5.296999999999999487e-01 5.159000000000000252e-01 5.274999999999999689e-01 5.139000000000000234e-01 5.251000000000000112e-01 5.221000000000000085e-01 5.016000000000000458e-01
3.734000000000000097e-01 4.268000000000000127e-01 3.413999999999999813e-01 4.400000000000000022e-01 5.211000000000000076e-01 4.978000000000000203e-01 4.719999999999999751e-01 4.425999999999999934e-01 4.974000000000000088e-01 4.788999999999999924e-01 5.028000000000000247e-01 5.279000000000000359e-01 5.161000000000000032e-01 5.187000000000000499e-01 5.148000000000000353e-01 5.325999999999999623e-01 5.286999999999999478e-01 5.074999999999999512e-01 4.964999999999999969e-01 5.288000000000000478e-01
3.874000000000000221e-01 4.252000000000000224e-01 3.285000000000000142e-01 4.398000000000000242e-01 5.195999999999999508e-01 4.848000000000000087e-01 4.635000000000000231e-01 4.593999999999999750e-01 4.996999999999999775e-01 4.827000000000000179e-01 5.233999999999999764e-01 5.102999999999999758e-01 5.256999999999999451e-01 5.212999999999999856e-01 5.211999999999999966e-01 5.345999999999999641e-01 5.129000000000000226e-01 5.158000000000000362e-01 5.134999999999999565e-01 5.096000000000000529e-01
3.948999999999999733e-01 4.248000000000000109e-01 3.382999999999999896e-01 4.375000000000000000e-01 5.231000000000000094e-01 5.000000000000000000e-01 4.273000000000000131e-01 4.686000000000000165e-01 5.120999999999999996e-01 4.753999999999999893e-01 5.090999999999999970e-01 5.292999999999999927e-01 5.289000000000000368e-01 5.133999999999999675e-01 5.182999999999999829e-01 5.275999999999999579e-01 5.003999999999999559e-01 5.255999999999999561e-01 5.140000000000000124e-01 5.180000000000000160e-01
3.991000000000000103e-01 4.353000000000000203e-01 3.438999999999999835e-01 4.566999999999999948e-01 5.334999999999999742e-01 5.060000000000000053e-01 4.808000000000000052e-01 4.640000000000000235e-01 4.808999999999999941e-01 4.854999999999999871e-01 5.358000000000000540e-01 5.163999999999999702e-01 5.389000000000000457e-01 5.229000000000000314e-01 5.358000000000000540e-01 5.205999999999999517e-01 5.377999999999999448e-01 4.943000000000000171e-01 4.924999999999999933e-01 5.256999999999999451e-01
3.867999999999999772e-01 4.264000000000000012e-01 3.396000000000000130e-01 4.667999999999999927e-01 5.070999999999999952e-01 5.061999999999999833e-01 4.661000000000000143e-01 4.768999999999999906e-01 5.318000000000000504e-01 4.807000000000000162e-01 5.039000000000000146e-01 5.192999999999999838e-01 5.289000000000000368e-01 5.264999999999999680e-01 5.372999999999999998e-01 5.361000000000000210e-01 5.079000000000000181e-01 5.328000000000000513e-01 5.272000000000000020e-01 5.247000000000000552e-01
3.912999999999999812e-01 4.194999999999999840e-01 3.542000000000000148e-01 4.581999999999999962e-01 4.944999999999999951e-01 5.172999999999999821e-01 4.647000000000000020e-01 4.675000000000000266e-01 5.120000000000000107e-01 4.894000000000000017e-01 5.303999999999999826e-01 5.315999999999999615e-01 5.457999999999999519e-01 5.276999999999999469e-01 5.028000000000000247e-01 5.404999999999999805e-01 5.125999999999999446e-01 5.209000000000000297e-01 5.152999999999999803e-01 5.191999999999999948e-01
3.852999999999999758e-01 4.359999999999999987e-01 3.437999999999999945e-01 4.670000000000000262e-01 5.356999999999999540e-01 4.879000000000000004e-01 4.697999999999999954e-01 4.688999999999999835e-01 4.961999999999999744e-01 4.798999999999999932e-01 5.211000000000000076e-01 5.262000000000000011e-01 5.330000000000000293e-01 5.161000000000000032e-01 5.390000000000000346e-01 5.192999999999999838e-01 4.973000000000000198e-01 5.308000000000000496e-01 5.159000000000000252e-01 5.283999999999999808e-01
3.993999999999999773e-01 4.430999999999999939e-01 3.286999999999999922e-01 4.717999999999999972e-01 5.066000000000000503e-01 4.949999999999999956e-01 4.717000000000000082e-01 4.440000000000000058e-01 5.304999999999999716e-01 5.062999999999999723e-01 5.325999999999999623e-01 5.289000000000000368e-01 5.091999999999999860e-01 5.413000000000000034e-01 5.041999999999999815e-01 5.148000000000000353e-01 5.195999999999999508e-01 4.918000000000000149e-01 5.343999999999999861e-01 5.421000000000000263e-01
3.634000000000000008e-01 4.492999999999999772e-01 3.539999999999999813e-01 4.597999999999999865e-01 5.014999999999999458e-01 5.222999999999999865e-01 4.677000000000000046e-01 4.763000000000000012e-01 5.283999999999999808e-01 4.828000000000000069e-01 5.181000000000000050e-01 5.368000000000000549e-01 5.366999999999999549e-01 5.383000000000000007e-01 5.251000000000000112e-01 5.361000000000000210e-01 5.023999999999999577e-01 5.304999999999999716e-01 5.318000000000000504e-01 5.268000000000000460e-01
4.017999999999999905e-01 4.388000000000000234e-01 3.503000000000000003e-01 4.673999999999999821e-01 5.113999999999999657e-01 4.929999999999999938e-01 4.950999999999999845e-01 4.789999999999999813e-01 5.300000000000000266e-01 5.044999999999999485e-01 5.209000000000000297e-01 5.332000000000000073e-01 5.355999999999999650e-01 5.220000000000000195e-01 5.149000000000000243e-01 4.807000000000000162e-01 5.162999999999999812e-01 5.213999999999999746e-01 5.385999999999999677e-01 5.325999999999999623e-01
4.000000000000000222e-01 4.153999999999999915e-01 3.523999999999999910e-01 5.150000000000000133e-01 5.193999999999999728e-01 5.262000000000000011e-01 4.813000000000000056e-01 4.848999999999999977e-01 5.330000000000000293e-01 5.091999999999999860e-01 5.384999999999999787e-01 5.090999999999999970e-01 5.511000000000000343e-01 5.404999999999999805e-01 5.107000000000000428e-01 5.459000000000000519e-01 5.278000000000000469e-01 5.312000000000000055e-01 5.368000000000000549e-01 5.266999999999999460e-01
4.053999999999999826e-01 4.339000000000000079e-01 3.613999999999999990e-01 5.172999999999999821e-01 5.262000000000000011e-01 5.158000000000000362e-01 4.974000000000000088e-01 4.733999999999999875e-01 5.211000000000000076e-01 5.067000000000000393e-01 5.487999999999999545e-01 5.144999999999999574e-01 5.469000000000000528e-01 5.436999999999999611e-01 5.328000000000000513e-01 5.355999999999999650e-01 5.249000000000000332e-01 5.232999999999999874e-01 5.348000000000000531e-01 5.504000000000000004e-01
3.973999999999999755e-01 4.338000000000000189e-01 3.387000000000000011e-01 5.063999999999999613e-01 5.290000000000000258e-01 5.271000000000000130e-01 4.854999999999999871e-01 4.641000000000000125e-01 5.264999999999999680e-01 5.132999999999999785e-01 5.238000000000000433e-01 5.124999999999999556e-01 5.371000000000000218e-01 5.400000000000000355e-01 5.424999999999999822e-01 5.299000000000000377e-01 5.290000000000000258e-01 5.070999999999999952e-01 5.392000000000000126e-01 4.955999999999999850e-01
4.025000000000000244e-01 4.440999999999999948e-01 3.563000000000000056e-01 4.920999999999999819e-01 5.383000000000000007e-01 5.288000000000000478e-01 4.854999999999999871e-01 4.889999999999999902e-01 5.313999999999999835e-01 5.171999999999999931e-01 5.376999999999999558e-01 5.217000000000000526e-01 5.510000000000000453e-01 5.168000000000000371e-01 5.449000000000000510e-01 5.393999999999999906e-01 5.380000000000000338e-01 5.358000000000000540e-01 5.349000000000000421e-01 5.362000000000000099e-01
3.860000000000000098e-01 4.316999999999999726e-01 3.523000000000000020e-01 4.511000000000000010e-01 5.134999999999999565e-01 5.204999999999999627e-01 4.913000000000000145e-01 4.663999999999999813e-01 5.356999999999999540e-01 4.934000000000000052e-01 5.360000000000000320e-01 5.200000000000000178e-01 5.376999999999999558e-01 4.672000000000000042e-01 5.263999999999999790e-01 5.411000000000000254e-01 5.191000000000000059e-01 5.151999999999999913e-01 5.406999999999999584e-01 5.349000000000000421e-01
4.058999999999999830e-01 4.485999999999999988e-01 3.938999999999999724e-01 5.111999999999999877e-01 5.291000000000000147e-01 5.343999999999999861e-01 4.985999999999999877e-01 4.758999999999999897e-01 5.212999999999999856e-01 4.718999999999999861e-01 5.282000000000000028e-01 5.528999999999999471e-01 5.481000000000000316e-01 5.387999999999999456e-01 5.454999999999999849e-01 5.490000000000000435e-01 5.151000000000000023e-01 5.269000000000000350e-01 5.384999999999999787e-01 5.210000000000000187e-01
3.829000000000000181e-01 4.436999999999999833e-01 3.993999999999999773e-01 4.566000000000000059e-01 5.387999999999999456e-01 5.165999999999999481e-01 5.110999999999999988e-01 4.718999999999999861e-01 5.341000000000000192e-01 5.200000000000000178e-01 5.153999999999999693e-01 5.470000000000000417e-01 5.404999999999999805e-01 4.658999999999999808e-01 5.424999999999999822e-01 5.278000000000000469e-01 5.432000000000000162e-01 5.167000000000000481e-01 5.473999999999999977e-01 5.233999999999999764e-01
4.076000000000000179e-01 4.541000000000000036e-01 3.967999999999999861e-01 5.030000000000000027e-01 5.227000000000000535e-01 4.988000000000000211e-01 5.096000000000000529e-01 4.718999999999999861e-01 5.348000000000000531e-01 5.086000000000000520e-01 5.456999999999999629e-01 5.148000000000000353e-01 4.948000000000000176e-01 5.453999999999999959e-01 5.348000000000000531e-01 5.161999999999999922e-01 5.451000000000000290e-01 5.209000000000000297e-01 5.303999999999999826e-01 5.453999999999999959e-01
3.921999999999999931e-01 4.527999999999999803e-01 4.061000000000000165e-01 5.189000000000000279e-01 5.332000000000000073e-01 5.090999999999999970e-01 4.648999999999999799e-01 4.802000000000000157e-01 5.251000000000000112e-01 4.919000000000000039e-01 5.119000000000000217e-01 5.322000000000000064e-01 5.471000000000000307e-01 5.174999999999999600e-01 5.362000000000000099e-01 5.154999999999999583e-01 5.221000000000000085e-01 5.514000000000000012e-01 5.514000000000000012e-01 5.505999999999999783e-01
4.102999999999999980e-01 4.495999999999999996e-01 4.037000000000000033e-01 5.219000000000000306e-01 5.491000000000000325e-01 5.340000000000000302e-01 5.167000000000000481e-01 4.769999999999999796e-01 5.403000000000000025e-01 4.590000000000000191e-01 5.465999999999999748e-01 5.282000000000000028e-01 5.445999999999999730e-01 5.387999999999999456e-01 5.470000000000000417e-01 5.301000000000000156e-01 5.429000000000000492e-01 5.465999999999999748e-01 5.394999999999999796e-01 4.890999999999999792e-01
4.154999999999999805e-01 4.441999999999999837e-01 3.963999999999999746e-01 5.235999999999999543e-01 5.413000000000000034e-01 5.293999999999999817e-01 5.147000000000000464e-01 4.464000000000000190e-01 5.354999999999999760e-01 5.058000000000000274e-01 5.403000000000000025e-01 5.380000000000000338e-01 5.351000000000000201e-01 5.466999999999999638e-01 5.497999999999999554e-01 5.383999999999999897e-01 5.445999999999999730e-01 4.923000000000000154e-01 5.479000000000000536e-01 5.354999999999999760e-01
3.932999999999999829e-01 4.585000000000000187e-01 4.112000000000000099e-01 5.403999999999999915e-01 4.925999999999999823e-01 5.155999999999999472e-01 4.828999999999999959e-01 4.848999999999999977e-01 5.051999999999999824e-01 5.150000000000000133e-01 5.272000000000000020e-01 5.329000000000000403e-01 5.495999999999999774e-01 5.486999999999999655e-01 4.879000000000000004e-01 5.227000000000000535e-01 5.243999999999999773e-01 5.303999999999999826e-01 5.375999999999999668e-01 5.431000000000000272e-01
4.139999999999999791e-01 4.425999999999999934e-01 4.186000000000000276e-01 5.272999999999999909e-01 5.194999999999999618e-01 5.372000000000000108e-01 5.135999999999999455e-01 4.888000000000000123e-01 4.466999999999999860e-01 5.179000000000000270e-01 5.387999999999999456e-01 5.452000000000000179e-01 5.538999999999999480e-01 5.391000000000000236e-01 5.260000000000000231e-01 5.360000000000000320e-01 5.324999999999999734e-01 5.403000000000000025e-01 5.221999999999999975e-01 5.384999999999999787e-01
4.168999999999999928e-01 4.403000000000000247e-01 3.962999999999999856e-01 5.219000000000000306e-01 5.324999999999999734e-01 5.528999999999999471e-01 5.135999999999999455e-01 4.687000000000000055e-01 5.541000000000000369e-01 5.100000000000000089e-01 5.462000000000000188e-01 5.192999999999999838e-01 5.252000000000000002e-01 5.324999999999999734e-01 5.140000000000000124e-01 5.545999999999999819e-01 5.395999999999999686e-01 5.264999999999999680e-01 5.523000000000000131e-01 5.525999999999999801e-01
4.057999999999999940e-01 4.369999999999999996e-01 4.122999999999999998e-01 5.352000000000000091e-01 5.262000000000000011e-01 5.339000000000000412e-01 5.143999999999999684e-01 4.541000000000000036e-01 5.382000000000000117e-01 4.914999999999999925e-01 5.386999999999999567e-01 5.437999999999999501e-01 5.375999999999999668e-01 5.369000000000000439e-01 5.441000000000000281e-01 5.437999999999999501e-01 5.501000000000000334e-01 5.244999999999999662e-01 5.544000000000000039e-01 5.424999999999999822e-01
4.117999999999999994e-01 4.611000000000000099e-01 4.028999999999999804e-01 5.316999999999999504e-01 5.165999999999999481e-01 5.414999999999999813e-01 5.089000000000000190e-01 4.747999999999999998e-01 5.387999999999999456e-01 5.131999999999999895e-01 5.414999999999999813e-01 5.399000000000000465e-01 5.578999999999999515e-01 5.417999999999999483e-01 5.311000000000000165e-01 5.445999999999999730e-01 4.991999999999999771e-01 5.290000000000000258e-01 5.395999999999999686e-01 5.525999999999999801e-01
4.178000000000000047e-01 4.697999999999999954e-01 4.208000000000000074e-01 5.492000000000000215e-01 5.525999999999999801e-01 5.423000000000000043e-01 4.991999999999999771e-01 4.914000000000000035e-01 5.413000000000000034e-01 5.251000000000000112e-01 5.449000000000000510e-01 5.434999999999999831e-01 5.431000000000000272e-01 5.578999999999999515e-01 5.533000000000000140e-01 5.377999999999999448e-01 5.339000000000000412e-01 5.285999999999999588e-01 5.553000000000000158e-01 5.517999999999999572e-01
4.228000000000000091e-01 4.722999999999999976e-01 4.022999999999999909e-01 5.148000000000000353e-01 5.251000000000000112e-01 5.354999999999999760e-01 5.129000000000000226e-01 4.566999999999999948e-01 5.480000000000000426e-01 5.125999999999999446e-01 5.453000000000000069e-01 5.565999999999999837e-01 5.442000000000000171e-01 5.432000000000000162e-01 5.102999999999999758e-01 5.464999999999999858e-01 5.436999999999999611e-01 5.340000000000000302e-01 5.511000000000000343e-01 5.189000000000000279e-01
3.729999999999999982e-01 4.436999999999999833e-01 3.986000000000000099e-01 5.312999999999999945e-01 5.157000000000000473e-01 5.371000000000000218e-01 4.835999999999999743e-01 4.875999999999999779e-01 5.152999999999999803e-01 5.108000000000000318e-01 5.292000000000000037e-01 5.311000000000000165e-01 5.511000000000000343e-01 5.305999999999999606e-01 5.201000000000000068e-01 5.392000000000000126e-01 5.523000000000000131e-01 5.332000000000000073e-01 5.162999999999999812e-01 5.434999999999999831e-01
4.047999999999999932e-01 4.522999999999999798e-01 4.027000000000000024e-01 5.389000000000000457e-01 4.882000000000000228e-01 5.399000000000000465e-01 4.711000000000000187e-01 4.759999999999999787e-01 4.918000000000000149e-01 4.919000000000000039e-01 4.909999999999999920e-01 5.446999999999999620e-01 5.551000000000000378e-01 5.511000000000000343e-01 5.333999999999999853e-01 5.461000000000000298e-01 5.422000000000000153e-01 5.546999999999999709e-01 5.189000000000000279e-01 5.402000000000000135e-01
4.048999999999999821e-01 4.474000000000000199e-01 4.031000000000000139e-01 5.340000000000000302e-01 5.278000000000000469e-01 5.320000000000000284e-01 4.813999999999999946e-01 4.845999999999999752e-01 5.463999999999999968e-01 4.863000000000000100e-01 5.037000000000000366e-01 5.356999999999999540e-01 5.446999999999999620e-01 5.459000000000000519e-01 5.084999999999999520e-01 5.252999999999999892e-01 5.375999999999999668e-01 5.514999999999999902e-01 5.541000000000000369e-01 5.189000000000000279e-01
4.253000000000000114e-01 4.597999999999999865e-01 3.976999999999999980e-01 5.027000000000000357e-01 5.279000000000000359e-01 5.329000000000000403e-01 5.169000000000000261e-01 4.874999999999999889e-01 5.220000000000000195e-01 5.104999999999999538e-01 5.472000000000000197e-01 5.557999999999999607e-01 5.459000000000000519e-01 5.452000000000000179e-01 5.014999999999999458e-01 5.412000000000000144e-01 5.303999999999999826e-01 5.080999999999999961e-01 5.158000000000000362e-01 5.251000000000000112e-01
4.178000000000000047e-01 4.605000000000000204e-01 4.187000000000000166e-01 4.773999999999999910e-01 5.204999999999999627e-01 5.503000000000000114e-01 5.261000000000000121e-01 4.930999999999999828e-01 5.417999999999999483e-01 4.620000000000000218e-01 5.465999999999999748e-01 5.141000000000000014e-01 5.380000000000000338e-01 5.243999999999999773e-01 5.070999999999999952e-01 5.502000000000000224e-01 5.531000000000000361e-01 5.270000000000000240e-01 5.490000000000000435e-01 4.736000000000000210e-01
4.078999999999999848e-01 4.763999999999999901e-01 4.148999999999999910e-01 5.272999999999999909e-01 5.430000000000000382e-01 5.369000000000000439e-01 5.117000000000000437e-01 4.711000000000000187e-01 5.078000000000000291e-01 5.181999999999999940e-01 5.273999999999999799e-01 5.397999999999999465e-01 5.523000000000000131e-01 5.181999999999999940e-01 5.460000000000000409e-01 5.463999999999999968e-01 5.505999999999999783e-01 5.298000000000000487e-01 5.161000000000000032e-01 5.306999999999999496e-01
3.978999999999999759e-01 4.183999999999999941e-01 4.153000000000000025e-01 5.167000000000000481e-01 5.404999999999999805e-01 5.463999999999999968e-01 5.096000000000000529e-01 4.872000000000000219e-01 5.116000000000000547e-01 5.093999999999999639e-01 5.349000000000000421e-01 5.132999999999999785e-01 5.224999999999999645e-01 5.181000000000000050e-01 5.143999999999999684e-01 5.472000000000000197e-01 5.616999999999999771e-01 5.175999999999999490e-01 5.066000000000000503e-01 5.506999999999999673e-01
4.104999999999999760e-01 4.440000000000000058e-01 4.188000000000000056e-01 5.396999999999999575e-01 5.271000000000000130e-01 5.361000000000000210e-01 5.128000000000000336e-01 4.819999999999999840e-01 5.043999999999999595e-01 5.161999999999999922e-01 5.553000000000000158e-01 5.159000000000000252e-01 5.293999999999999817e-01 5.611000000000000432e-01 5.150000000000000133e-01 5.477999999999999536e-01 5.389000000000000457e-01 5.365999999999999659e-01 4.724999999999999756e-01 5.441000000000000281e-01
4.203999999999999959e-01 4.505000000000000115e-01 4.005000000000000226e-01 5.453000000000000069e-01 5.358000000000000540e-01 5.244999999999999662e-01 5.112999999999999767e-01 4.976999999999999758e-01 5.092999999999999750e-01 5.117000000000000437e-01 5.504000000000000004e-01 5.171999999999999931e-01 5.212999999999999856e-01 5.420000000000000373e-01 5.410000000000000364e-01 4.848000000000000087e-01 5.628999999999999559e-01 5.342999999999999972e-01 5.541000000000000369e-01 5.439000000000000501e-01
4.124999999999999778e-01 4.435999999999999943e-01 3.876000000000000001e-01 5.218000000000000416e-01 5.328000000000000513e-01 5.272000000000000020e-01 5.060999999999999943e-01 4.971999999999999753e-01 5.381000000000000227e-01 5.133999999999999675e-01 5.416999999999999593e-01 5.069000000000000172e-01 5.132999999999999785e-01 5.612000000000000322e-01 5.261000000000000121e-01 5.534000000000000030e-01 5.375999999999999668e-01 5.567999999999999616e-01 5.517999999999999572e-01 5.597999999999999643e-01
4.138999999999999901e-01 4.658999999999999808e-01 4.133000000000000007e-01 5.441000000000000281e-01 5.497999999999999554e-01 5.412000000000000144e-01 5.242999999999999883e-01 4.640000000000000235e-01 5.175999999999999490e-01 4.964999999999999969e-01 5.453000000000000069e-01 5.396999999999999575e-01 5.252999999999999892e-01 5.405999999999999694e-01 5.436999999999999611e-01 5.552000000000000268e-01 5.440000000000000391e-01 5.059000000000000163e-01 5.308000000000000496e-01 5.353999999999999870e-01
4.260999999999999788e-01 4.697000000000000064e-01 4.089999999999999747e-01 5.160000000000000142e-01 5.584999999999999964e-01 5.265999999999999570e-01 5.306999999999999496e-01 4.385000000000000009e-01 5.315999999999999615e-01 5.188000000000000389e-01 5.173999999999999710e-01 5.304999999999999716e-01 5.201000000000000068e-01 5.204999999999999627e-01 5.483999999999999986e-01 4.928000000000000158e-01 5.600000000000000533e-01 4.994000000000000106e-01 5.218000000000000416e-01 5.467999999999999527e-01
3.981000000000000094e-01 4.645000000000000240e-01 4.097000000000000086e-01 5.332000000000000073e-01 4.728999999999999870e-01 5.503000000000000114e-01 5.097000000000000419e-01 5.010999999999999899e-01 5.279000000000000359e-01 5.000000000000000000e-01 5.328000000000000513e-01 5.483999999999999986e-01 5.441000000000000281e-01 5.379000000000000448e-01 5.282999999999999918e-01 5.372999999999999998e-01 5.413999999999999924e-01 5.504999999999999893e-01 5.476999999999999647e-01 4.998000000000000220e-01
4.268000000000000127e-01 4.354999999999999982e-01 3.795000000000000040e-01 5.506999999999999673e-01 5.533000000000000140e-01 5.358000000000000540e-01 5.080000000000000071e-01 4.904000000000000026e-01 5.172999999999999821e-01 5.019000000000000128e-01 5.289000000000000368e-01 5.393999999999999906e-01 5.274999999999999689e-01 5.593000000000000194e-01 5.474999999999999867e-01 5.416999999999999593e-01 5.436999999999999611e-01 4.732999999999999985e-01 4.623999999999999777e-01 5.414999999999999813e-01
4.176000000000000267e-01 4.724999999999999756e-01 4.219999999999999862e-01 5.280000000000000249e-01 5.552000000000000268e-01 5.334999999999999742e-01 5.197000000000000508e-01 4.964000000000000079e-01 5.419000000000000483e-01 5.222999999999999865e-01 5.387999999999999456e-01 5.316999999999999504e-01 5.604999999999999982e-01 5.474999999999999867e-01 5.454999999999999849e-01 5.482000000000000206e-01 5.355999999999999650e-01 5.426999999999999602e-01 5.483999999999999986e-01 5.588999999999999524e-01
4.248999999999999999e-01 4.631000000000000116e-01 4.219999999999999862e-01 5.310000000000000275e-01 5.381000000000000227e-01 5.483000000000000096e-01 5.221000000000000085e-01 4.855999999999999761e-01 5.477999999999999536e-01 4.813000000000000056e-01 5.366999999999999549e-01 5.322000000000000064e-01 5.070999999999999952e-01 5.047000000000000375e-01 5.380000000000000338e-01 5.612000000000000322e-01 5.568999999999999506e-01 5.299000000000000377e-01 5.362999999999999989e-01 5.336999999999999522e-01
4.250999999999999779e-01 4.708999999999999853e-01 4.205999999999999739e-01 5.024999999999999467e-01 5.412000000000000144e-01 5.499000000000000554e-01 5.150000000000000133e-01 4.798999999999999932e-01 5.381000000000000227e-01 5.283999999999999808e-01 5.511000000000000343e-01 5.462000000000000188e-01 5.567999999999999616e-01 5.520000000000000462e-01 5.497999999999999554e-01 5.501000000000000334e-01 5.530000000000000471e-01 5.540000000000000480e-01 5.480000000000000426e-01 4.996999999999999775e-01
4.198999999999999955e-01 4.535000000000000142e-01 4.179999999999999827e-01 5.489000000000000545e-01 5.551000000000000378e-01 5.355999999999999650e-01 5.223999999999999755e-01 4.663999999999999813e-01 5.453999999999999959e-01 5.161000000000000032e-01 5.332000000000000073e-01 5.465999999999999748e-01 5.473000000000000087e-01 5.473999999999999977e-01 5.416999999999999593e-01 5.516999999999999682e-01 5.123999999999999666e-01 5.356999999999999540e-01 5.491000000000000325e-01 5.461000000000000298e-01
4.272000000000000242e-01 4.721000000000000196e-01 4.124999999999999778e-01 5.232999999999999874e-01 5.580000000000000515e-01 5.199000000000000288e-01 5.001999999999999780e-01 4.898000000000000131e-01 5.432000000000000162e-01 4.930999999999999828e-01 5.421000000000000263e-01 5.395999999999999686e-01 5.578999999999999515e-01 5.006000000000000449e-01 5.437999999999999501e-01 5.558999999999999497e-01 5.141999999999999904e-01 5.463999999999999968e-01 5.483000000000000096e-01 5.298000000000000487e-01
4.062999999999999945e-01 4.603999999999999759e-01 3.991000000000000103e-01 5.457999999999999519e-01 5.495999999999999774e-01 5.150000000000000133e-01 5.237000000000000544e-01 4.939000000000000057e-01 5.292999999999999927e-01 5.235999999999999543e-01 5.450000000000000400e-01 5.290000000000000258e-01 5.518999999999999462e-01 5.420000000000000373e-01 5.392000000000000126e-01 5.218000000000000416e-01 5.386999999999999567e-01 5.230000000000000204e-01 5.231000000000000094e-01 5.484999999999999876e-01
4.027999999999999914e-01 4.807000000000000162e-01 3.930000000000000160e-01 5.416999999999999593e-01 5.395999999999999686e-01 5.439000000000000501e-01 4.923000000000000154e-01 4.944000000000000061e-01 5.237000000000000544e-01 4.850999999999999757e-01 5.249000000000000332e-01 5.565999999999999837e-01 5.562000000000000277e-01 5.389000000000000457e-01 5.393000000000000016e-01 5.565999999999999837e-01 5.291000000000000147e-01 5.534999999999999920e-01 5.302000000000000046e-01 5.179000000000000270e-01
4.210999999999999743e-01 4.580000000000000182e-01 4.131000000000000227e-01 5.413999999999999924e-01 5.201999999999999957e-01 5.358000000000000540e-01 5.161999999999999922e-01 4.557999999999999829e-01 5.469000000000000528e-01 4.956999999999999740e-01 5.374999999999999778e-01 5.360000000000000320e-01 5.592000000000000304e-01 5.353999999999999870e-01 5.300000000000000266e-01 5.380000000000000338e-01 5.200000000000000178e-01 5.341000000000000192e-01 5.572000000000000286e-01 5.381000000000000227e-01
3.996999999999999997e-01 4.672999999999999932e-01 4.234999999999999876e-01 5.494999999999999885e-01 5.406999999999999584e-01 5.239000000000000323e-01 5.185999999999999499e-01 4.773999999999999910e-01 5.409000000000000474e-01 4.848999999999999977e-01 5.443999999999999950e-01 5.303999999999999826e-01 5.413000000000000034e-01 5.511000000000000343e-01 5.499000000000000554e-01 5.407999999999999474e-01 5.552000000000000268e-01 5.386999999999999567e-01 5.355999999999999650e-01 5.295999999999999597e-01
4.273000000000000131e-01 4.616999999999999993e-01 4.046000000000000152e-01 5.401000000000000245e-01 5.528999999999999471e-01 5.374999999999999778e-01 5.233999999999999764e-01 4.688999999999999835e-01 5.390000000000000346e-01 5.099000000000000199e-01 5.152999999999999803e-01 5.480000000000000426e-01 5.561000000000000387e-01 5.393999999999999906e-01 5.543000000000000149e-01 5.322999999999999954e-01 5.504999999999999893e-01 5.421000000000000263e-01 5.417999999999999483e-01 5.201999999999999957e-01
3.991000000000000103e-01 4.672000000000000042e-01 4.228000000000000091e-01 5.483000000000000096e-01 5.463000000000000078e-01 5.453999999999999959e-01 5.278000000000000469e-01 4.959000000000000075e-01 5.282999999999999918e-01 5.193999999999999728e-01 5.440000000000000391e-01 5.423999999999999932e-01 5.555999999999999828e-01 5.570000000000000506e-01 5.253999999999999782e-01 5.349000000000000421e-01 5.495999999999999774e-01 5.352999999999999980e-01 5.490000000000000435e-01 5.284999999999999698e-01
4.022000000000000020e-01 4.791000000000000258e-01 4.176000000000000267e-01 5.425999999999999712e-01 5.278000000000000469e-01 5.443000000000000060e-01 5.179000000000000270e-01 4.470000000000000084e-01 5.441000000000000281e-01 5.117000000000000437e-01 5.194999999999999618e-01 5.504999999999999893e-01 5.404999999999999805e-01 5.568999999999999506e-01 5.467999999999999527e-01 4.707999999999999963e-01 5.565999999999999837e-01 5.231000000000000094e-01 5.583000000000000185e-01 5.375999999999999668e-01
4.240999999999999770e-01 4.502999999999999781e-01 4.222000000000000197e-01 5.413999999999999924e-01 5.558999999999999497e-01 5.530000000000000471e-01 5.192999999999999838e-01 4.552999999999999825e-01 5.155999999999999472e-01 5.184999999999999609e-01 5.528999999999999471e-01 5.202999999999999847e-01 5.443999999999999950e-01 5.334999999999999742e-01 5.322000000000000064e-01 5.551000000000000378e-01 5.416999999999999593e-01 5.201000000000000068e-01 5.483999999999999986e-01 5.510000000000000453e-01
4.057999999999999940e-01 4.606000000000000094e-01 3.896999999999999909e-01 5.416999999999999593e-01 5.433000000000000052e-01 5.362000000000000099e-01 5.142999999999999794e-01 4.773999999999999910e-01 5.446999999999999620e-01 5.294999999999999707e-01 5.380000000000000338e-01 5.500000000000000444e-01 5.161000000000000032e-01 5.373999999999999888e-01 4.963000000000000189e-01 5.482000000000000206e-01 5.558999999999999497e-01 5.567999999999999616e-01 5.476999999999999647e-01 5.453999999999999959e-01
3.919000000000000261e-01 4.400000000000000022e-01 4.092999999999999972e-01 5.089000000000000190e-01 5.433000000000000052e-01 5.413000000000000034e-01 5.198000000000000398e-01 4.541000000000000036e-01 5.484999999999999876e-01 5.135999999999999455e-01 5.255999999999999561e-01 4.752000000000000113e-01 5.474999999999999867e-01 5.372000000000000108e-01 5.134999999999999565e-01 5.308000000000000496e-01 5.521000000000000352e-01 5.262000000000000011e-01 5.447999999999999510e-01 5.313999999999999835e-01
4.169999999999999818e-01 4.692999999999999949e-01 3.679000000000000048e-01 5.419000000000000483e-01 5.567999999999999616e-01 5.379000000000000448e-01 5.175999999999999490e-01 5.040000000000000036e-01 5.494999999999999885e-01 4.984999999999999987e-01 5.309000000000000385e-01 5.346999999999999531e-01 5.282999999999999918e-01 5.546999999999999709e-01 5.481000000000000316e-01 5.365999999999999659e-01 5.386999999999999567e-01 5.469000000000000528e-01 5.410000000000000364e-01 5.575999999999999845e-01
