5.091152191162109375e-01
3.250831365585327148e-01
3.250834345817565918e-01
3.250892162322998047e-01
3.251730799674987793e-01
5.092658400535583496e-01
3.250919878482818604e-01
3.250913321971893311e-01
5.091688632965087891e-01
3.250859975814819336e-01
3.250831365585327148e-01
4.173299372196197510e-01
3.251364529132843018e-01
3.250835835933685303e-01
5.091688036918640137e-01
4.372647404670715332e-01
3.250999450683593750e-01
3.250836133956909180e-01
5.091688036918640137e-01
5.091688632965087891e-01
5.091698765754699707e-01
3.250832557678222656e-01
3.250853419303894043e-01
3.251316845417022705e-01
3.250839114189147949e-01
5.092101097106933594e-01
3.251724839210510254e-01
3.250998854637145996e-01
3.251360654830932617e-01
3.250835239887237549e-01
3.250999450683593750e-01
3.250831067562103271e-01
5.091150999069213867e-01
3.251730799674987793e-01
3.250848054885864258e-01
4.869018197059631348e-01
5.091152787208557129e-01
3.251535296440124512e-01
4.766111373901367188e-01
3.250840306282043457e-01
3.250836133956909180e-01
3.250881433486938477e-01
3.250913619995117188e-01
3.250909745693206787e-01
3.250899910926818848e-01
3.251000344753265381e-01
3.250874876976013184e-01
3.250833451747894287e-01
4.728000760078430176e-01
5.091689825057983398e-01
3.250833749771118164e-01
3.250830769538879395e-01
5.091154575347900391e-01
3.251689672470092773e-01
3.250980973243713379e-01
3.250924944877624512e-01
3.250922858715057373e-01
3.250840902328491211e-01
3.250832259654998779e-01
5.091688036918640137e-01
5.091152191162109375e-01
5.091688036918640137e-01
3.251005411148071289e-01
5.091508626937866211e-01
3.250988125801086426e-01
3.251730799674987793e-01
3.250916004180908203e-01
3.251177668571472168e-01
5.091688632965087891e-01
3.250837326049804688e-01
3.250839710235595703e-01
4.986522495746612549e-01
3.250955641269683838e-01
3.250831067562103271e-01
3.251730799674987793e-01
3.250904679298400879e-01
3.251008987426757812e-01
3.466870188713073730e-01
5.003070831298828125e-01
3.250901699066162109e-01
3.250925242900848389e-01
3.250916898250579834e-01
4.948299527168273926e-01
3.250838518142700195e-01
3.250858187675476074e-01
3.250998854637145996e-01
4.973685741424560547e-01
5.093618035316467285e-01
3.251762092113494873e-01
3.762575984001159668e-01
3.250836730003356934e-01
3.250830769538879395e-01
3.250830173492431641e-01
3.250842690467834473e-01
5.091152191162109375e-01
3.250840008258819580e-01
3.250831365585327148e-01
3.250838220119476318e-01
3.250913023948669434e-01
5.092562437057495117e-01
