-2.375366568914955678e+00 -1.768328445747800259e+01 -2.237536656891495568e+01 2.794721407624633969e+01 -2.140762463343108379e+00 2.137829912023460821e+01 -2.090909090909090651e+01 -3.313782991202344874e+00 3.313782991202344874e+00
-2.882697947214076351e+01 2.870967741935483986e+01 1.598240469208211323e+01 -9.530791788856305402e+00 -2.378299120234603947e+01 -1.486803519061583501e+01 4.428152492668623097e+00 5.835777126099706891e+00 -2.199413489736070204e+00
1.545454545454545325e+01 -7.008797653958943386e+00 -1.480938416422287318e+01 9.237536656891492726e+00 -1.281524926686216759e+01 -4.310850439882695895e+00 4.780058651026394045e+00 4.486803519061588474e+00 -2.258064516129032029e+00
5.425219941348977670e+00 -8.299120234604103530e+00 -9.413489736070381753e+00 1.545454545454545325e+01 -6.656891495601172437e+00 -1.692082111436950242e+01 1.944281524926686444e+01 2.343108504398826852e+01 -2.199413489736070204e+00
-1.973607038123167001e+01 -1.979472140762463539e+01 2.870967741935483986e+01 2.782991202346040893e+01 2.994134897360703462e+01 -1.316715542521994209e+01 4.310850439882699447e+00 4.310850439882699447e+00 -6.480938416422286963e+00
-9.941348973607038175e+00 2.524926686217008864e+01 6.950146627565985114e+00 9.178885630498534454e+00 -2.665689149560117244e+01 -1.580645161290322420e+01 1.129032258064516725e+01 -3.841642228739001297e+00 -2.932551319648268873e-02
-2.988269794721407635e+01 -2.343108504398826852e+01 1.310850439882698026e+01 7.947214076246332581e+00 1.568914956011730055e+01 -2.173020527859237561e+01 -4.369501466275657720e+00 -1.304985337243401489e+01 2.199413489736066651e+00
-2.425219941348973407e+01 2.542521994134897056e+01 2.348973607038123390e+01 -2.272727272727272663e+01 -2.718475073313782886e+01 -8.123167155425218056e+00 2.994134897360703462e+01 4.369501466275664825e+00 -2.199413489736070204e+00
-3.196480938416421225e+00 -1.950146627565982271e+01 7.126099706744867035e+00 -2.343108504398826852e+01 -2.258064516129032029e+00 -8.181818181818179880e+00 -2.290322580645161210e+01 9.002932551319645427e+00 -2.932551319648268873e-02
-5.366568914956008740e+00 2.343108504398826852e+01 6.422287390029325138e+00 -1.334310850439882756e+01 -1.926686217008797541e+01 -1.202346041055719184e+00 5.835777126099706891e+00 5.777126099706748619e+00 -3.548387096774192173e+00
1.246334310850440374e+01 1.445747800586510579e+01 -8.709677419354836303e+00 -1.211143695014662569e+01 -2.196480938416422291e+01 8.797653958944096075e-02 -4.428152492668619544e+00 -8.416422287390027179e+00 2.199413489736066651e+00
6.011730205278595918e+00 1.973607038123167712e+01 -2.184750733137829926e+01 -1.504398826979472048e+01 -2.800586510263929796e+01 -1.378299120234601105e+00 -2.912023460410557263e+01 -1.369501466275659851e+01 5.571847507331355587e-01
-2.055718475073313556e+01 2.296187683284457393e+01 -2.923753665689149628e+01 2.929618768328445810e+01 -2.425219941348973407e+01 1.527859237536657133e+01 2.026392961876832999e+01 -4.310850439882695895e+00 2.140762463343108379e+00
4.662756598240470396e+00 4.662756598240470396e+00 1.469208211143695308e+01 1.451612903225806406e+01 -8.416422287390027179e+00 -7.302052785923752509e+00 -6.363636363636363313e+00 4.545454545454546746e+00 -2.199413489736070204e+00
4.897360703812317695e+00 1.932551319648094079e+01 -1.967741935483870819e+01 1.604105571847507150e+01 2.023460410557184730e+00 2.167155425219941378e+01 1.856304985337243352e+01 -1.873900293255131899e+01 1.466275659824063382e-01
9.472140762463340025e+00 5.953079178885630540e+00 1.498533724340175866e+01 1.557184750733137690e+01 -1.316715542521994209e+01 -1.709677419354838435e+01 -1.580645161290322420e+01 1.252199413489736202e+01 -8.797653958944096075e-02
-1.451612903225806406e+01 1.609970674486803688e+01 -2.173020527859237561e+01 2.524926686217008864e+01 1.475073313782991136e+01 -2.607038123167155419e+01 -9.882697947214076351e+00 1.428152492668621676e+01 7.712609970674485282e+00
2.542521994134897056e+01 -2.489736070381231769e+01 -2.348973607038123035e+01 9.648093841642229052e+00 -2.202346041055718473e+01 -9.882697947214076351e+00 4.545454545454546746e+00 9.941348973607034623e+00 -2.199413489736070204e+00
-7.184750733137828860e+00 -2.372434017595307765e+01 7.331378299120245856e-01 -1.815249266862170074e+01 -2.082111436950146555e+00 -3.079178885630497575e+00 -2.994134897360703818e+01 2.483870967741935232e+01 2.932551319648268873e-02
-9.472140762463343577e+00 -1.633431085043988418e+01 2.237536656891495568e+01 -1.850439882697947169e+01 -2.052785923753646102e-01 -2.483870967741935232e+01 -4.956011730205275967e+00 2.765395894428152701e+01 2.932551319648268873e-02
1.422287390029325849e+01 -2.472140762463342867e+01 -2.765395894428152346e+01 -2.026392961876832999e+01 -9.941348973607038175e+00 8.797653958944096075e-02 2.258064516129032029e+00 -4.134897360703810421e+00 -2.932551319648268873e-02
-2.917888563049853445e+01 -8.533724340175950829e+00 1.762463343108504432e+01 8.123167155425221608e+00 -6.158357771261009361e-01 -2.712609970674486704e+01 -1.252199413489735846e+01 -2.184750733137829926e+01 2.199413489736066651e+00
5.307917888563054021e+00 2.354838709677419217e+01 1.744868035190615529e+01 2.976539589442815270e+01 -2.876832844574780168e+01 -1.246334310850439664e+01 -8.475073313782989004e+00 4.428152492668623097e+00 -2.199413489736070204e+00
-1.357771260997067486e+01 -1.651026392961876610e+01 4.369501466275664825e+00 7.536656891495603361e+00 -7.331378299120245856e-01 -1.351906158357771304e+01 -1.357771260997067486e+01 -2.642228739002932514e+01 2.199413489736066651e+00
-1.539589442815249143e+01 1.146627565982404917e+01 -1.363636363636363669e+01 3.841642228739004850e+00 -3.372434017595306699e+00 1.434017595307918214e+01 4.545454545454546746e+00 -1.375366568914956034e+01 1.140762463343109090e+01
-2.554252199413489777e+01 2.243401759530792106e+01 8.240469208211145258e+00 6.246334310850443217e+00 2.753665689149560336e+01 -1.498533724340175866e+01 -1.844574780058650987e+01 -5.777126099706745066e+00 1.844574780058650987e+01
2.912023460410557618e+01 -2.917888563049853445e+01 -2.882697947214076351e+01 2.882697947214076351e+01 1.521994134897360595e+01 1.521994134897360595e+01 -4.310850439882695895e+00 -4.310850439882695895e+00 6.480938416422290516e+00
2.466275659824047040e+01 -2.607038123167155419e+01 1.662756598240468975e+01 -1.563049853372433873e+01 -1.709677419354838435e+01 1.510263929618768231e+01 4.369501466275664825e+00 -6.950146627565981561e+00 4.780058651026394045e+00
-3.000000000000000000e+01 2.953079178885630540e+01 -2.536656891495601229e+01 2.360703812316715755e+01 1.592375366568914785e+01 -1.598240469208211145e+01 -4.310850439882695895e+00 4.369501466275664825e+00 2.140762463343108379e+00
-2.542521994134897412e+01 2.184750733137830281e+01 1.967741935483871174e+01 -8.181818181818179880e+00 -2.219941348973607020e+01 -1.991202346041055904e+01 1.064516129032257652e+01 9.941348973607034623e+00 -2.199413489736070204e+00
1.785923753665689162e+01 -1.563049853372433873e+01 2.577712609970674151e+01 -2.114369501466275381e+01 -1.950146627565982271e+01 2.173020527859237916e+01 2.695014662756598511e+01 -1.222873900293254934e+01 1.005865102639295827e+01
-8.064516129032256231e+00 8.885630498533721777e+00 1.351906158357771659e+01 -1.093841642228738920e+01 -9.648093841642229052e+00 -1.521994134897360595e+01 1.381231671554252216e+01 2.847507331378299256e+01 -2.199413489736070204e+00
1.744868035190615529e+01 -2.478005865102639405e+01 3.255131964809379497e+00 1.768328445747800259e+01 2.648093841642229052e+01 -2.219941348973607020e+01 -1.492668621700879683e+01 -9.941348973607038175e+00 1.492668621700880038e+01
-1.991202346041055904e+01 -1.967741935483870819e+01 2.947214076246334002e+01 2.876832844574779813e+01 3.000000000000000000e+01 -1.527859237536656778e+01 4.310850439882699447e+00 4.310850439882699447e+00 -6.480938416422286963e+00
2.225806451612903203e+01 -2.712609970674486704e+01 2.231671554252199741e+01 -2.231671554252199385e+01 2.712609970674486704e+01 -4.956011730205275967e+00 -8.826979472140759952e+00 4.428152492668623097e+00 6.598240469208214165e+00
2.249266862170087933e+01 -2.266862170087976480e+01 -2.730205278592375251e+01 1.140762463343109090e+01 1.466275659824063382e-01 -9.589442815249267227e+00 4.721407624633435773e+00 1.246334310850440374e+01 -4.721407624633428668e+00
2.736070381231671433e+01 2.700879765395895049e+01 -2.947214076246334358e+01 1.680351906158357878e+01 3.812316715542536372e-01 -9.413489736070381753e+00 5.425219941348977670e+00 2.199413489736066651e+00 -5.425219941348970565e+00
1.692082111436950242e+01 7.888563049853374309e+00 2.958944281524927078e+01 2.865102639296188158e+01 -2.530791788856305047e+01 1.495601173020524755e+00 -1.158357771260996927e+01 2.348973607038123390e+01 -2.131964809384164283e+01
2.906158357771261080e+01 -2.906158357771261080e+01 -2.243401759530791750e+01 2.143695014662756648e+01 -3.812316715542536372e-01 -2.325513196480938305e+01 3.724340175953074095e+00 2.929618768328445810e+01 -3.724340175953077647e+00
-4.721407624633428668e+00 -6.715542521994134262e+00 -7.595307917888561633e+00 -7.888563049853370757e+00 -7.917888563049828576e-01 1.099706744868034747e+01 -1.475073313782991136e+01 4.662756598240470396e+00 -2.258064516129032029e+00
-2.249266862170087933e+01 -3.137829912023459400e+00 -1.680351906158357878e+01 -3.079178885630497575e+00 -1.143695014662753806e+00 2.120234604105571918e+01 -1.926686217008797541e+01 2.208211143695015011e+01 -1.961876832844574636e+01
2.718475073313783241e+01 -2.800586510263929796e+01 -8.826979472140759952e+00 2.519061583577712327e+01 -2.120234604105571918e+01 -2.460410557184750502e+01 4.428152492668623097e+00 6.832844574780061464e+00 -2.199413489736070204e+00
2.307917888563049758e+01 2.313782991202346295e+01 -1.322580645161290391e+01 -1.516129032258064413e+01 -1.533724340175952960e+01 2.501466275659824134e+01 4.369501466275664825e+00 4.545454545454546746e+00 -6.715542521994134262e+00
6.187683284457477839e+00 -8.240469208211141705e+00 -2.260997067448680298e+01 1.715542521994134972e+01 -7.888563049853370757e+00 -1.357771260997067486e+01 2.847507331378299256e+01 4.545454545454546746e+00 -2.199413489736070204e+00
-7.653958944281523458e+00 1.598240469208211323e+01 2.143695014662756648e+01 -1.803519061583577709e+01 8.826979472140763505e+00 1.328445747800586929e+01 -1.850439882697947169e+01 -4.428152492668619544e+00 2.073313782991202459e+01
-1.604105571847507150e+01 -1.868035190615835717e+01 -1.885630498533724264e+01 -1.117302052785923649e+01 -1.495601173020524755e+00 2.876832844574779813e+01 -2.384164222873900130e+01 5.601173020527859592e+00 -3.431085043988268524e+00
5.249266862170088643e+00 2.741935483870967971e+01 4.134897360703817526e+00 1.604105571847507150e+01 -8.504398826979482351e-01 -2.173020527859237561e+01 6.422287390029325138e+00 -2.571847507331378324e+01 -4.134897360703810421e+00
1.299120234604105661e+01 -1.304985337243401489e+01 2.225806451612903203e+01 -2.325513196480938305e+01 -4.897360703812314142e+00 2.495601173020527597e+01 4.428152492668623097e+00 -2.870967741935483986e+01 2.648093841642229052e+01
2.736070381231671433e+01 -1.000000000000000000e+01 -2.366568914956011582e+01 2.994134897360703462e+01 1.134897360703812552e+01 1.730205278592372053e+00 -1.064516129032258007e+01 -1.436950146627566482e+00 1.064516129032257652e+01
-1.539589442815249143e+01 -1.950146627565982271e+01 1.668621700879765513e+01 -2.448680351906158137e+01 -4.398826979472119092e-01 -1.492668621700879683e+01 -5.542521994134894214e+00 2.609970674486802977e+00 -2.932551319648268873e-02
2.436950146627565772e+01 3.548387096774192173e+00 -8.826979472140759952e+00 -5.777126099706745066e+00 -2.906158357771261080e+01 2.492668621700879328e+00 -1.891495601173020447e+01 -4.956011730205275967e+00 2.375366568914955678e+00
1.451612903225806406e+01 1.164222873900293820e+01 -8.651026392961874478e+00 -7.829912023460408932e+00 -2.736070381231671433e+01 -1.671554252199413781e+00 -1.903225806451612812e+01 -2.777126099706744711e+01 2.199413489736066651e+00
-8.475073313782989004e+00 2.859237536656891621e+01 -3.958944281524924946e+00 -1.897360703812316629e+01 6.422287390029325138e+00 -6.744868035190592082e-01 -2.551319648093841153e+00 -6.539589442815248788e+00 2.551319648093837600e+00
1.495601173020524755e+00 1.495601173020524755e+00 -1.598240469208211145e+01 -2.653958944281524879e+01 -1.906158357771261080e+00 1.093841642228738920e+01 -1.240469208211143481e+01 -7.712609970674485282e+00 7.126099706744867035e+00
2.653958944281525589e+01 -1.351906158357771304e+01 2.431085043988269945e+01 -5.307917888563046915e+00 1.281524926686217469e+01 -2.419354838709677580e+01 -6.598240469208210612e+00 8.357771260997068907e+00 4.369501466275664825e+00
-9.120234604105569076e+00 2.507331378299119962e+01 1.873900293255131544e+01 -1.873900293255131899e+01 -2.214076246334310838e+01 -2.023460410557184730e+00 5.249266862170088643e+00 4.956011730205283072e+00 -2.785923753665688452e+00
1.762463343108504432e+01 1.671554252199413781e+00 -2.049853372434017729e+01 -1.557184750733137690e+01 -2.002932551319648269e+01 1.451612903225806406e+01 -1.826979472140762439e+01 -5.894428152492668715e+00 3.724340175953074095e+00
-2.243401759530791750e+01 2.243401759530792106e+01 -1.521994134897360595e+01 1.762463343108504432e+01 -4.956011730205275967e+00 1.416422287390029311e+01 4.428152492668623097e+00 -5.953079178885630540e+00 3.724340175953074095e+00
-2.002932551319648269e+01 1.510263929618768231e+01 -8.064516129032256231e+00 4.017595307917893876e+00 8.005865102639297959e+00 -3.548387096774192173e+00 -4.604105571847505018e+00 7.478005865102637983e+00 2.199413489736066651e+00
-6.187683284457477839e+00 -1.762463343108504432e+01 1.392961876832844581e+01 -2.372434017595307765e+01 -1.730205278592372053e+00 -1.574780058651026238e+01 -1.439882697947214041e+01 1.598240469208211323e+01 -2.932551319648268873e-02
1.938416422287390617e+01 -1.850439882697947169e+01 -1.797653958944281527e+01 -1.979472140762463539e+01 1.932551319648094079e+01 -2.140762463343108379e+00 -7.184750733137828860e+00 -2.090909090909090651e+01 7.184750733137832412e+00
-2.014662756598240634e+01 1.240469208211143837e+01 -2.612903225806451601e+01 -6.656891495601172437e+00 -1.404692082111436946e+01 -1.906158357771261080e+00 1.375366568914956389e+01 -1.674486803519061340e+01 -2.932551319648268873e-02
-1.780058651026392624e+01 1.991202346041055904e+01 -1.686217008797653705e+01 1.463343108504398771e+01 1.486803519061583501e+01 -1.392961876832844581e+01 -4.604105571847505018e+00 6.539589442815248788e+00 2.434017595307913950e+00
1.087976539589442382e+01 -9.296187683284454550e+00 1.202346041055719184e+00 2.214076246334310838e+01 1.046920821114369460e+01 -2.466275659824047040e+01 -1.258064516129032029e+01 -1.041055718475073277e+01 1.258064516129032739e+01
-1.263929618768328211e+01 2.014662756598240634e+01 -2.612903225806451601e+01 2.917888563049853445e+01 -1.246334310850439664e+01 2.788856304985337431e+01 4.428152492668623097e+00 -3.000000000000000000e+01 2.777126099706745066e+01
2.859237536656891621e+01 2.870967741935483986e+01 -1.967741935483870819e+01 -1.979472140762463539e+01 -1.369501466275659851e+01 3.000000000000000000e+01 4.310850439882699447e+00 4.310850439882699447e+00 -6.480938416422286963e+00
-1.609970674486803688e+01 8.357771260997068907e+00 2.800586510263929796e+01 -2.794721407624633258e+01 1.668621700879765513e+01 9.178885630498534454e+00 -1.228739002932551116e+01 -4.369501466275657720e+00 1.445747800586510579e+01
2.636363636363636687e+01 -2.906158357771261080e+01 4.076246334310852149e+00 -4.252199413489734070e+00 8.357771260997068907e+00 -5.777126099706745066e+00 -4.428152492668619544e+00 2.906158357771261080e+01 2.140762463343108379e+00
-4.193548387096772245e+00 -1.826979472140762439e+01 1.844574780058650987e+01 -2.765395894428152346e+01 -2.492668621700879328e+00 -2.014662756598240634e+01 -2.917888563049853445e+01 1.428152492668621676e+01 2.932551319648268873e-02
8.592375366568916206e+00 -1.287390029325512941e+01 -4.017595307917886771e+00 2.401759530791788677e+01 -3.607038123167153998e+00 -2.478005865102639405e+01 4.545454545454546746e+00 1.416422287390029311e+01 -2.316715542521993854e+00
3.782991202346046578e+00 -2.325513196480938305e+01 -4.780058651026390493e+00 2.736070381231671433e+01 -3.548387096774192173e+00 -2.565982404692082142e+01 8.299120234604103530e+00 5.483870967741935942e+00 -2.434017595307917503e+00
1.997067448680352442e+01 -6.715542521994134262e+00 -7.360703812316714334e+00 1.950146627565982982e+01 -1.378299120234601105e+00 8.475073313782992557e+00 -4.310850439882695895e+00 -2.137829912023460111e+01 2.137829912023460821e+01
-1.639296187683284245e+01 1.586510263929618958e+01 -9.237536656891492726e+00 1.920821114369501714e+01 1.568914956011730055e+01 -1.492668621700879683e+01 -6.598240469208210612e+00 4.486803519061588474e+00 4.369501466275664825e+00
-9.002932551319645427e+00 -8.181818181818179880e+00 -2.149560117302052475e+01 -8.005865102639294406e+00 3.196480938416421225e+00 2.712609970674486704e+01 -4.604105571847505018e+00 4.838709677419359423e+00 -2.609970674486802977e+00
-1.973607038123167001e+01 -1.997067448680351731e+01 2.882697947214076351e+01 2.724340175953079779e+01 3.000000000000000000e+01 -1.369501466275659851e+01 4.310850439882699447e+00 4.310850439882699447e+00 -6.480938416422286963e+00
2.343108504398826852e+01 -8.064516129032256231e+00 1.041055718475072922e+01 -8.592375366568912654e+00 9.061583577712610804e+00 -6.774193548387096087e+00 -1.645161290322580783e+01 4.545454545454546746e+00 1.422287390029325849e+01
1.017595307917888192e+01 8.357771260997068907e+00 2.131964809384164283e+01 2.231671554252199741e+01 -1.985337243401759366e+01 -7.829912023460408932e+00 -2.073313782991202459e+01 4.369501466275664825e+00 -2.199413489736070204e+00
-2.442815249266862310e+01 1.521994134897360595e+01 -2.642228739002932514e+01 8.592375366568916206e+00 -4.545454545454543194e+00 2.589442815249266516e+01 4.076246334310852149e+00 -9.706744868035190876e+00 7.360703812316714334e+00
-1.932551319648093724e+01 2.214076246334310838e+01 -7.067448680351905210e+00 2.096774193548387188e+01 -2.237536656891495568e+01 6.246334310850443217e+00 1.140762463343109090e+01 -2.199413489736070204e+00 1.847507331378295703e+00
-1.085043988269795534e+00 1.621700879765396053e+01 6.187683284457477839e+00 -1.592375366568914785e+01 2.052785923753646102e-01 9.178885630498534454e+00 -1.709677419354838435e+01 -1.211143695014662569e+01 1.932551319648094079e+01
1.486803519061583501e+01 -1.832844574780058622e+01 -2.390029325513196312e+01 2.390029325513196312e+01 1.703812316715542607e+01 -2.639296187683299877e-01 -1.287390029325512941e+01 -1.005865102639296182e+01 1.504398826979472403e+01
5.307917888563054021e+00 -8.181818181818179880e+00 7.771260997067450660e+00 -2.706744868035190521e+01 8.944281524926687155e+00 -9.061583577712607251e+00 -1.392961876832844581e+01 2.049853372434017729e+01 1.170087976539589647e+01
1.774193548387096797e+01 -1.480938416422287318e+01 -7.947214076246332581e+00 2.431085043988269945e+01 -3.812316715542536372e-01 9.354838709677416375e+00 -2.316715542521993854e+00 -1.041055718475073277e+01 1.134897360703812552e+01
-7.302052785923752509e+00 -1.017595307917888547e+01 -1.246334310850439664e+01 -1.252199413489735846e+01 1.680351906158357878e+01 9.882697947214076351e+00 7.126099706744867035e+00 -4.721407624633428668e+00 -4.604105571847505018e+00
4.897360703812317695e+00 -9.530791788856305402e+00 1.011730205278592365e+01 -1.545454545454545325e+01 -4.193548387096772245e+00 9.296187683284458103e+00 6.715542521994137815e+00 -4.486803519061581369e+00 2.199413489736066651e+00
2.718475073313783241e+01 -1.005865102639296182e+01 2.624633431085043611e+01 -2.976539589442815270e+01 1.070381231671554190e+01 -2.560117302052785959e+01 -1.269794721407624394e+01 6.656891495601172437e+00 1.052785923753665287e+01
-2.390029325513196312e+01 2.231671554252199741e+01 -1.791788856304985345e+01 6.715542521994137815e+00 -1.495601173020524755e+00 -6.129032258064516014e+00 -1.217008797653958752e+01 2.114369501466276091e+01 9.090909090909065071e-01
1.873900293255131544e+01 -2.372434017595307765e+01 -1.134897360703812197e+01 -7.184750733137828860e+00 2.542521994134897056e+01 2.067448680351906631e+01 -1.457478005865102588e+01 2.055718475073314266e+01 -6.011730205278592365e+00
-2.513196480938416499e+01 -2.929618768328445810e+01 1.604105571847507150e+01 1.076246334310850017e+01 -1.788856304985337431e+00 -2.530791788856305047e+01 -3.000000000000000000e+01 -5.307917888563046915e+00 2.140762463343108379e+00
4.838709677419359423e+00 2.137829912023460821e+01 -1.357771260997067486e+01 -2.073313782991202459e+01 -2.800586510263929796e+01 4.428152492668623097e+00 -2.524926686217008864e+01 -4.486803519061581369e+00 2.903225806451608548e+00
2.824046920821114526e+01 -2.208211143695014655e+01 -1.938416422287389906e+01 2.870967741935483986e+01 -2.712609970674486704e+01 -2.882697947214076351e+01 5.835777126099706891e+00 9.354838709677416375e+00 -2.199413489736070204e+00
-8.240469208211141705e+00 1.480938416422287673e+01 9.941348973607034623e+00 -1.785923753665689162e+01 -1.651026392961876610e+01 -1.029325513196480912e+01 2.847507331378299256e+01 1.064516129032257652e+01 -2.199413489736070204e+00
2.865102639296188158e+01 -1.017595307917888547e+01 -1.574780058651026238e+01 1.152492668621701455e+01 -2.648093841642228696e+01 -8.475073313782989004e+00 4.897360703812317695e+00 4.604105571847512124e+00 -2.199413489736070204e+00
1.316715542521994564e+01 1.486803519061583501e+01 -1.000000000000000000e+01 -1.158357771260996927e+01 -2.818181818181817988e+01 2.316715542521990301e+00 -9.472140762463343577e+00 -4.838709677419352317e+00 2.199413489736066651e+00
1.434017595307918214e+01 4.193548387096775798e+00 -2.601173020527859236e+01 2.489736070381231769e+01 1.260997067448677456e+00 -2.671554252199413426e+01 9.941348973607034623e+00 1.604105571847507150e+01 -9.941348973607038175e+00
2.366568914956011582e+01 -4.780058651026390493e+00 -2.489736070381231769e+01 5.835777126099706891e+00 -2.419354838709677580e+01 -4.369501466275657720e+00 1.199413489736070915e+01 5.483870967741935942e+00 -2.258064516129032029e+00
-2.038123167155425364e+01 1.205278592375366742e+01 -2.472140762463342867e+01 2.472140762463342867e+01 2.131964809384164283e+01 -4.956011730205275967e+00 -1.574780058651026238e+01 4.428152492668623097e+00 1.351906158357771659e+01
-2.727272727272726627e+00 -1.674486803519061340e+01 -5.249266862170085091e+00 -9.178885630498530901e+00 2.002932551319648269e+01 3.020527859237532198e+00 1.346041055718475121e+01 -5.131964809384161441e+00 -1.076246334310850372e+01
1.275659824046920932e+01 -1.627565982404691880e+01 -2.577712609970674507e+01 2.724340175953079779e+01 1.134897360703812552e+01 7.712609970674485282e+00 -4.428152492668619544e+00 -4.369501466275657720e+00 6.598240469208214165e+00
1.234604105571848010e+01 8.299120234604103530e+00 -1.258064516129032029e+01 2.618768328445747784e+01 -2.114369501466275381e+01 -2.788856304985337076e+01 -5.894428152492668715e+00 1.404692082111436946e+01 2.932551319648268873e-02
