-3.000000000000000000e+01 2.829194166239502195e+01 -2.823760211831508116e+01 2.999731752701566379e+01 -3.000000000000000000e+01 3.000000000000000000e+01 2.864721714269737163e+01 -3.000000000000000000e+01 2.780296016067041265e+01
1.892344896413023037e+01 2.927170116420546719e+01 2.770412294488768978e+01 -1.799830811853007262e+01 2.766765414769352915e+01 -3.000000000000000000e+01 2.945326285090734331e+01 3.000000000000000000e+01 -3.000000000000000000e+01
-3.000000000000000000e+01 8.047573013078192616e+00 -2.023430221436677456e+01 1.649216492398375422e+01 -6.017661095423274986e+00 2.199491660655566250e+01 4.978540577058175209e+00 -3.000000000000000000e+01 2.779678891508227778e+01
2.890262084490720795e+01 3.000000000000000000e+01 -3.000000000000000000e+01 -3.000000000000000000e+01 -1.981588006225046072e+01 2.832784540214737490e+01 2.780258914520957347e+01 2.780285045859668713e+01 -3.000000000000000000e+01
-2.776283106264703804e+01 -8.662896262174657025e+00 2.891641642199407158e+01 2.596497113399852452e+01 -3.000000000000000000e+01 2.295591313997035865e+00 -2.601717358468736663e+01 3.000000000000000000e+01 -2.945327750877563133e+01
-2.172867782707432838e+01 2.588048612188483233e+01 -2.998161813015197907e+01 2.400747989886302847e+01 -1.719347990438978968e+01 -2.999490499822167422e+01 2.818167422424906920e+00 -3.000000000000000000e+01 -5.460888716499177065e-01
-2.746197804856107538e+01 3.000000000000000000e+01 -2.358207302916445869e+01 -1.615716052803853486e+01 3.000000000000000000e+01 -2.190552947979124809e+00 -3.000000000000000000e+01 -2.183475209341159839e+01 3.000000000000000000e+01
2.638609959728865562e+01 2.799644340703602907e+01 3.000000000000000000e+01 -2.999126377273574562e+01 2.387183394680815596e+01 -3.000000000000000000e+01 2.945358795139312136e+01 5.489302031749208943e+00 -3.000000000000000000e+01
1.117257106496548680e+01 1.628943751287049935e+01 -2.746150971372830085e+01 3.000000000000000000e+01 -3.000000000000000000e+01 3.000000000000000000e+01 -2.999848804020727755e+01 -3.000000000000000000e+01 3.000000000000000000e+01
1.414425500123627621e+01 -2.746213598092878172e+01 -2.327384617437360603e+01 -3.000000000000000000e+01 3.000000000000000000e+01 9.597101868128413926e+00 -3.000000000000000000e+01 -2.197883066422968490e+00 3.000000000000000000e+01
1.274847786058972332e+01 1.587832437107231875e+01 2.998907063695383712e+01 2.963109877442386164e+01 -3.000000000000000000e+01 1.762444505321214550e+00 -2.174340714137981934e+01 3.000000000000000000e+01 -2.780261698663685976e+01
3.000000000000000000e+01 -2.977390722969022008e+01 3.000000000000000000e+01 -3.000000000000000000e+01 -8.064733447658236187e+00 -1.759991264946889844e+00 3.000000000000000000e+01 -3.000000000000000000e+01 2.196551612506047135e+00
3.000000000000000000e+01 -2.241044616324912653e+01 3.000000000000000000e+01 -2.999903866215715809e+01 2.417304006065528910e+01 -3.000000000000000000e+01 -3.000000000000000000e+01 8.787628099642169843e+00 2.780285151401233534e+01
-2.710499729085203668e+01 -3.000000000000000000e+01 2.121648880409159688e+01 -2.770088568401564544e+01 -1.721589791599437902e+01 2.996563267438329348e+01 2.722353665416635593e+01 -2.916258684347002017e+01 2.861633306867279813e+01
2.981081258464386607e+01 2.940256489900187731e+01 3.000000000000000000e+01 -2.997868537257040700e+01 2.782035061891924244e+01 -3.000000000000000000e+01 -3.000000000000000000e+01 5.484650493673607130e+00 2.945369161820377357e+01
1.101134951176906007e+01 -1.487149111477826935e+01 3.000000000000000000e+01 -2.770381715148929658e+01 -3.000000000000000000e+01 3.000000000000000000e+01 -2.756497761267360858e+01 -3.000000000000000000e+01 2.945330239923619331e+01
-3.000000000000000000e+01 1.979505053928038194e+01 2.337001883328660767e+01 -3.000000000000000000e+01 1.826415002524211317e+01 2.941771561095807641e+01 -4.394518392621357350e+00 -6.849792302929811783e+00 9.046881373395157411e+00
1.288682484173769893e+01 -2.099816937614130552e+01 2.809513015372310463e+01 -3.000000000000000000e+01 2.886985579160676352e+01 2.965930033979934421e+01 2.808510272726555401e-01 -4.694693193842356393e+00 3.867239808899174403e+00
-1.274794008418896851e+01 -1.791760983772133997e+01 -2.770398691264151481e+01 3.000000000000000000e+01 -2.706215420687802364e+01 3.000000000000000000e+01 2.173456190436522562e+01 -3.000000000000000000e+01 2.945310009727264244e+01
-6.801065620411777424e+00 -8.492394755428950504e+00 3.000000000000000000e+01 2.989541208999684585e+01 1.608752415794135260e+01 -2.014477175072109816e+01 1.413175784721472539e+01 4.398538290986325094e+00 -1.632904891488379917e+01
2.896826660289629984e+01 2.679325819152099797e+01 -3.000000000000000000e+01 7.345749899889924883e+00 -9.444562933323383813e-01 -8.280082354181333315e+00 3.054128936744142653e+00 7.791891455778562126e+00 -3.054552688286451545e+00
-1.020385493336784855e+01 -1.369807005285041868e+01 1.872796776099752947e+01 1.032775606263191470e+01 2.576041274603000986e+01 1.644387254131396858e+01 2.034357585109162514e+01 -2.524559036366176912e+01 5.448849483097079727e+00
1.066430444770488073e+01 1.646009430493105796e+01 2.703946413471340904e+01 2.910582452419991739e+01 -2.863820514265698591e+01 1.752957410590802123e+00 -2.436097275740611678e+01 2.975393236617881598e+01 -2.755695908497724034e+01
3.511080782992163307e+00 -2.999982024482781995e+01 -1.425041504208982523e+01 -3.000000000000000000e+01 -3.000000000000000000e+01 1.353584668929700197e+00 3.000000000000000000e+01 -3.452520348065954536e+00 5.464429370442412948e-01
3.000000000000000000e+01 -2.724491490227185864e+01 2.473778434616253818e+01 -2.823742669481749346e+01 -2.996299717861389666e+01 3.000000000000000000e+01 8.629065882359048700e+00 -3.000000000000000000e+01 2.780295889768766671e+01
-2.658882063321875577e+01 3.000000000000000000e+01 2.999834934206873172e+01 -3.000000000000000000e+01 8.485746961832882462e+00 -1.651540982187370998e+00 -2.734908704180262617e+01 -2.734901509539313835e+01 2.954614091149421995e+01
-3.000000000000000000e+01 -2.735757407185962720e+00 3.000000000000000000e+01 1.342722093273094508e+01 2.888010591949863226e+01 -1.463512673162223976e+01 1.950343822932197213e+01 1.909913043270580602e+01 -2.170056183717993648e+01
-1.884014234476933680e+01 2.577071178644907690e+01 2.848662824471130151e+01 2.278202176888765962e+01 -2.690850707664516506e+01 3.000000000000000000e+01 1.130561157338889622e+01 2.945358889637159550e+01 -3.000000000000000000e+01
1.597130939206171796e+01 6.521356549989699936e+00 1.768869362717451921e+01 1.040014566846156008e+01 1.761279456881254868e+00 -2.984986289928773218e+01 3.000000000000000000e+01 -3.000000000000000000e+01 -2.779811651760669378e+01
2.839459915087480368e+01 -2.057092812145404892e+01 -2.694217899856741738e+01 -2.255143419277026950e+01 -2.993982425010093706e+01 -1.072615092744649390e+00 1.250233462187244449e+01 -8.619494270919160428e+00 -4.867149843817479516e-04
-3.000000000000000000e+01 3.000000000000000000e+01 2.221704120154282425e+00 -8.888968871251668347e+00 -2.999997201547378367e+01 2.385679372187780345e+01 5.489342023456556419e+00 -3.000000000000000000e+01 2.945330016258080974e+01
1.769724035272580309e+01 1.355416452832545815e+01 -2.462654287584627610e+01 3.000000000000000000e+01 -3.000000000000000000e+01 2.716242252456130046e+01 -2.824874120465076910e+00 -2.994544307556687457e+01 2.994504414395657577e+01
2.859308469187571333e+01 -1.406325507052447676e+01 -2.387341038237607904e+01 2.142744754174682686e+00 1.635967514834560887e+01 -2.993340525409374564e+01 -3.000000000000000000e+01 -2.982964006647671695e+01 2.945374668491794878e+01
2.442126085923212120e+00 3.000000000000000000e+01 -1.590619039181237326e+01 3.000000000000000000e+01 3.000000000000000000e+01 -2.999830798031919699e+01 2.945344896328876061e+01 5.482019183720802324e+00 -3.000000000000000000e+01
2.920230499139331215e+01 -2.368019970546991004e+01 -3.000000000000000000e+01 3.000000000000000000e+01 1.029738702905778780e+01 3.000000000000000000e+01 -4.395098151741391845e+00 -8.788142824793267138e+00 1.098604345858717757e+01
3.000000000000000000e+01 -2.834131641982424554e+01 3.000000000000000000e+01 -2.155498842840540163e+01 -3.000000000000000000e+01 2.331721196284121689e+01 8.789779999216804640e+00 -3.000000000000000000e+01 2.780257714820309545e+01
-3.000000000000000000e+01 2.226728003892089092e+01 -1.053362656945827425e+01 -1.681156114356047127e+01 -2.480423121690989774e+01 2.988316362945083782e+01 2.999436015990105631e+01 2.999956950582183524e+01 -2.999999574680089509e+01
-2.823787989939184939e+01 2.983214443069431709e+01 -2.021098862512216598e+01 2.260434428147344477e+01 3.000000000000000000e+01 -1.888195061937856423e+01 -2.999211096834622836e+01 4.500261721087135847e+00 2.779507115900032588e+01
3.000000000000000000e+01 2.875216707008176797e+01 -2.353847309637639640e+01 -2.204010726454000491e+01 2.296022555100698526e+00 -2.109390867808359360e+01 3.000000000000000000e+01 -3.000000000000000000e+01 -2.945327740369677727e+01
6.162432747005678557e+00 2.221936407561243954e+01 2.983159878653931685e+01 7.225929967941366883e+00 -3.000000000000000000e+01 1.760716546951942352e+00 -2.660183617919517829e+01 3.000000000000000000e+01 -2.779556932228901900e+01
3.000000000000000000e+01 -3.000000000000000000e+01 1.651265284873895567e+01 -3.000000000000000000e+01 -3.000000000000000000e+01 2.170023534344928606e+01 8.790912447399334084e+00 -4.395956501624740831e+00 2.198091847391264508e+00
3.000000000000000000e+01 -3.000000000000000000e+01 2.992385557990511558e+01 3.000000000000000000e+01 -3.000000000000000000e+01 3.000000000000000000e+01 5.486920656872513291e+00 -3.000000000000000000e+01 2.945366385035928758e+01
1.064884426200167411e+01 -2.682285292653772757e+01 -2.732515644636076502e+01 3.000000000000000000e+01 2.639237105883632850e+01 1.467278872067800854e+01 -7.252553239637737015e+00 -4.395213578046821112e+00 9.450257996978276509e+00
1.398466698908427119e+01 -2.991161324240055208e+01 3.000000000000000000e+01 -3.000000000000000000e+01 3.000000000000000000e+01 -3.000000000000000000e+01 -9.196116936640212458e+00 8.789380085329847603e+00 6.998860719788881468e+00
-3.000000000000000000e+01 -2.408222139777048199e+01 3.000000000000000000e+01 -2.746246831401692035e+01 -2.538294160499168228e+00 3.000000000000000000e+01 -3.000000000000000000e+01 -3.000000000000000000e+01 3.000000000000000000e+01
-2.760373136470343880e+01 9.111935305709664590e+00 2.818450914252787243e+01 1.527676358135925838e+01 3.000000000000000000e+01 -3.000000000000000000e+01 -3.000000000000000000e+01 -2.197850734878027179e+00 3.000000000000000000e+01
-2.770334002568995757e+01 2.999009240004412291e+01 -3.000000000000000000e+01 -2.886269726658365542e+01 2.999918401955003588e+01 -3.000000000000000000e+01 -3.000000000000000000e+01 -2.775208525384327629e+01 2.945358775211698443e+01
-2.999655055910117341e+01 3.000000000000000000e+01 3.000000000000000000e+01 7.951481642917650916e+00 -3.000000000000000000e+01 2.538701156189930419e+00 4.395280811885488248e+00 3.000000000000000000e+01 -3.000000000000000000e+01
-1.239472088217875978e+01 1.994271452712723658e+01 -3.000000000000000000e+01 3.000000000000000000e+01 1.415703869985570584e+01 -3.000000000000000000e+01 -3.000000000000000000e+01 8.790067853433761513e+00 2.780257792436862729e+01
3.000000000000000000e+01 3.000000000000000000e+01 3.000000000000000000e+01 -3.000000000000000000e+01 3.000000000000000000e+01 -3.000000000000000000e+01 -3.000000000000000000e+01 5.489485649385107635e+00 2.945342771721004027e+01
-1.935707157659299327e+01 -1.928094925293592965e+01 -1.957773798736410598e+01 3.000000000000000000e+01 -2.537659957986616366e+00 2.211517437013506182e+01 -3.000000000000000000e+01 -3.000000000000000000e+01 3.000000000000000000e+01
3.000000000000000000e+01 3.000000000000000000e+01 3.000000000000000000e+01 2.845854529922172205e+01 2.295574162661555562e+00 2.817187810714296603e+01 3.000000000000000000e+01 3.840059872791015683e-01 -2.983728350197766588e+01
1.982573754252484122e+01 -2.583029763213408359e+01 -2.905535525357110416e+01 2.832654886788351334e+01 -1.743284833715714655e+01 -3.000000000000000000e+01 4.796040279624279812e+00 2.782273290606081062e+01 -2.197834302445068833e+00
3.000000000000000000e+01 -1.746960150452031613e+01 1.260833122089346503e+01 1.418616114098440306e+01 -3.000000000000000000e+01 2.476694586679234256e+00 4.394243702409965202e+00 2.833784061940200871e+01 -2.833824324567646258e+01
3.000000000000000000e+01 2.641338234361988668e+01 3.000000000000000000e+01 -2.414641637511595462e+01 2.538694037881534360e+00 -3.000000000000000000e+01 3.000000000000000000e+01 4.393068631644567290e+00 -3.000000000000000000e+01
1.822185910117918795e+01 -2.896928272296630880e+01 6.126889930790016869e+00 1.394053440693980050e+01 -1.387620447837422688e+01 3.000000000000000000e+01 2.779834624085956829e+00 -2.871148263790797728e+01 2.816498956735289028e+01
-2.419888486097634583e+01 -3.000000000000000000e+01 -1.496597875489675999e+01 2.999790251477180192e+01 -3.000000000000000000e+01 1.726198566458115025e+01 2.086725338960219389e+01 -3.000000000000000000e+01 2.945370560833943685e+01
2.227994023964005876e+01 1.265577913692996326e+00 -2.677250158478404174e+01 1.339814922444175416e+01 2.526524067250690564e+00 -1.478654673018208143e+01 2.968023333895267157e+01 1.428524377764330033e+01 -2.968061184473226177e+01
3.000000000000000000e+01 -1.058251888870422697e+01 -1.817123277670764381e+01 2.612421178672638788e+01 3.000000000000000000e+01 -2.841996178627948311e+01 -3.000000000000000000e+01 3.000000000000000000e+01 2.945370450908325566e+01
1.173321068036958259e+01 2.999526360542370185e+01 -2.999999934054585538e+01 3.000000000000000000e+01 2.537856785968817697e+00 -2.942017109112886075e+01 3.000000000000000000e+01 3.427305485878698654e+00 -3.000000000000000000e+01
8.830411977568459747e+00 3.000000000000000000e+01 -3.000000000000000000e+01 3.000000000000000000e+01 2.998648421405034625e+01 -2.997319425498544732e+01 -3.000000000000000000e+01 5.413043586208558189e+00 2.945357708782397665e+01
1.593516608103650967e+01 -2.542095679608356207e+01 2.770408565499111120e+01 -2.956903230402225446e+01 -3.000000000000000000e+01 -3.000000000000000000e+01 2.999999552765141075e+01 3.000000000000000000e+01 -5.461564545799176829e-01
2.995956862744476012e+01 2.999954285651406494e+01 1.928995904962316033e+01 -2.515134611583977176e+01 2.537938816962181487e+00 -1.924471319348331377e+01 3.000000000000000000e+01 4.295585002943224318e+00 -3.000000000000000000e+01
-2.896824877691298283e+01 2.727349708688820940e+01 -1.194168345557537769e+01 -1.558679446563719395e+01 -2.980117354177506073e+01 3.000000000000000000e+01 2.971451225537888163e+01 2.821506306549970589e+01 -2.821554819008096615e+01
-1.878637644651401928e+01 2.929982382005514552e+01 2.650546804254555155e+01 9.881118764089062978e-01 2.096262568807952320e+01 -2.997734603657586661e+01 -3.000000000000000000e+01 -2.851458086012045001e+01 3.000000000000000000e+01
-2.305375134850913099e+01 -4.408130106129020120e+00 2.839509422274135986e+01 -2.807845844134799052e+01 3.000000000000000000e+01 -3.000000000000000000e+01 3.000000000000000000e+01 1.330158625249697302e+01 -3.000000000000000000e+01
3.000000000000000000e+01 -3.000000000000000000e+01 3.000000000000000000e+01 2.982479012651113592e+01 -3.000000000000000000e+01 2.787986266861481965e+01 5.486735200383082045e+00 -3.000000000000000000e+01 2.945358833633001083e+01
2.550518979151999233e+01 -3.000000000000000000e+01 3.000000000000000000e+01 -2.823146930068908844e+01 -2.697726520749428758e+01 2.967478105568003954e+01 2.354587658312540555e+01 -2.300303052507114288e+01 2.080569051856553031e+01
-3.000000000000000000e+01 -2.630104876755979504e+01 2.962451381210609469e+01 2.562744548529624566e+01 1.233445656058303008e+01 2.923922549731387477e+01 -2.743025910572344017e+00 2.480371169701958323e+01 -2.425704330361309502e+01
-7.377122736025378380e+00 -2.447821758529430980e+01 2.806416288809600701e+01 2.859263198086821944e+01 3.000000000000000000e+01 1.618385415818433204e+00 5.093945381643635528e+00 2.663053005995310585e+01 -2.951687959800823791e+01
-1.567320085379074790e+01 2.441048444814393648e+01 -2.823778535581112337e+01 7.536534361966880091e+00 -1.839236149200508308e+01 3.000000000000000000e+01 4.406507244557803737e+00 -3.000000000000000000e+01 2.780115711967978953e+01
2.917594269468373724e+01 -6.849529985666729992e+00 -2.529840963386677544e+01 1.014785223751847276e+01 -3.000000000000000000e+01 -1.190954285921173472e+01 1.442488505622756279e+01 3.000000000000000000e+01 -2.200738202645851960e+00
1.252578352127079597e+01 2.999916429442905397e+01 2.980505291253063405e+01 -2.822528075096480293e+01 -2.615823324802821759e+01 3.000000000000000000e+01 -2.197589964658233086e+00 -2.999990864701491589e+01 3.000000000000000000e+01
-2.012525152558340125e+01 -2.316400474308574431e+01 2.446766565961310391e+01 2.884715719721047478e+01 -2.993969979413529714e+01 2.295519728941505022e+00 -3.000000000000000000e+01 3.000000000000000000e+01 -2.945333068483281735e+01
-2.632386573482602543e+01 3.000000000000000000e+01 -8.700904984813661258e+00 1.928185405854320678e+01 2.808635127865566972e+01 -2.104451505047518722e+01 -3.000000000000000000e+01 3.000000000000000000e+01 2.780289896198976862e+01
-2.347982168149099280e+01 -3.948385900598372800e+00 2.568870759281543315e+01 -2.829021654956404674e+01 2.996633253729399371e+01 -2.820351198152380334e+01 3.000000000000000000e+01 3.000000000000000000e+01 -3.000000000000000000e+01
3.000000000000000000e+01 2.720493467477754379e+01 3.000000000000000000e+01 -1.374121292039739295e+01 2.537452011870527269e+00 -3.000000000000000000e+01 3.000000000000000000e+01 4.393150527543262740e+00 -3.000000000000000000e+01
-2.999992003182730116e+01 3.000000000000000000e+01 3.000000000000000000e+01 1.780767839351235082e+01 -3.000000000000000000e+01 2.538016758461181244e+00 4.395305392279735379e+00 2.999951518755165125e+01 -3.000000000000000000e+01
1.529410268171760023e+01 2.164968352653204775e+01 -2.964704128238521008e+01 2.906715612786655711e+01 3.000000000000000000e+01 -2.979533246999436003e+01 2.945309986360569710e+01 8.427976602644394077e+00 -3.000000000000000000e+01
2.272971209592394626e+00 3.000000000000000000e+01 -1.689662312321928184e+01 -1.336179503567811722e+01 3.000000000000000000e+01 -2.295790073673666054e+00 3.000000000000000000e+01 -3.000000000000000000e+01 -2.945333179784936206e+01
-2.775355052164368885e+01 2.545069527371970253e+01 -3.000000000000000000e+01 -3.000000000000000000e+01 3.000000000000000000e+01 -2.999551432819168184e+01 -2.868967481509293904e+01 2.536837900850704131e+01 2.814336532281941672e+01
-2.823896459962779559e+01 1.644585120331854000e+01 -3.000000000000000000e+01 3.000000000000000000e+01 3.000000000000000000e+01 -1.960222293424225981e+01 -2.996292448691343324e+01 4.394430252366214873e+00 2.776550365780845908e+01
-2.240786315404798401e+01 3.000000000000000000e+01 3.000000000000000000e+01 2.439405641688020054e+01 -3.000000000000000000e+01 2.979781139243841537e+01 5.486657900182576597e+00 2.945371690652352825e+01 -3.000000000000000000e+01
-2.990351431226973489e+01 -3.000000000000000000e+01 3.000000000000000000e+01 -2.354891975007041793e+01 7.988754744667362573e+00 2.608693642333781071e+01 -2.199430762595238953e+00 -2.999940903709001105e+01 3.000000000000000000e+01
3.000000000000000000e+01 -3.000000000000000000e+01 1.017694523060169409e+01 3.000000000000000000e+01 -3.000000000000000000e+01 2.538222323951787374e+00 4.398204145181091818e+00 3.000000000000000000e+01 -3.000000000000000000e+01
9.522744700827701081e+00 1.794627379616178331e+01 1.538516088232479362e+01 -9.704656117752127997e+00 -3.000000000000000000e+01 1.224354593223438847e+01 -2.980469783229165870e+01 -3.000000000000000000e+01 3.000000000000000000e+01
3.000000000000000000e+01 2.667343517804992814e+01 -3.000000000000000000e+01 3.000000000000000000e+01 3.000000000000000000e+01 -1.868490244231424313e+01 2.945350795417268586e+01 2.742410058042012988e+00 -3.000000000000000000e+01
2.875125264878118969e+01 -3.000000000000000000e+01 3.000000000000000000e+01 -2.823770493040477447e+01 -3.000000000000000000e+01 3.000000000000000000e+01 1.971531713802957597e+01 -3.000000000000000000e+01 2.780259537679970805e+01
3.000000000000000000e+01 3.000000000000000000e+01 2.374905145309213594e+00 -1.736290766315950052e+01 2.296234161362642912e+00 -3.000000000000000000e+01 3.000000000000000000e+01 -3.000000000000000000e+01 -2.945333108741985484e+01
-3.000000000000000000e+01 -1.312231528935011404e+01 -2.746219533559454362e+01 3.000000000000000000e+01 -2.538168348540979835e+00 3.000000000000000000e+01 -3.000000000000000000e+01 -3.000000000000000000e+01 3.000000000000000000e+01
-2.348111034541555853e+01 3.000000000000000000e+01 3.000000000000000000e+01 3.000000000000000000e+01 -3.000000000000000000e+01 2.538162176697090544e+00 4.396068802685629606e+00 3.000000000000000000e+01 -3.000000000000000000e+01
-2.746204741318447162e+01 1.850828729002568451e+01 -1.523214650360239020e+01 -1.476907745470977673e+01 3.000000000000000000e+01 -2.538517209404479225e+00 -3.000000000000000000e+01 -3.000000000000000000e+01 3.000000000000000000e+01
3.000000000000000000e+01 1.289479604790976985e+01 -3.000000000000000000e+01 -1.289351487601869017e+01 2.247834846172060086e+00 -2.819456218544426918e+01 2.872695366685374907e+01 5.530060575585330263e+00 -2.818030501315755032e+01
-2.746196176481918982e+01 2.722868718618179784e+01 -2.985743021377039241e+01 -1.973730440424161969e+01 3.000000000000000000e+01 -2.505209631040917539e+00 -2.999957510465139521e+01 -2.913187184634819360e+01 3.000000000000000000e+01
-2.770410570777117343e+01 1.513047120738893803e+01 7.515570868222132717e+00 -3.000000000000000000e+01 3.000000000000000000e+01 -2.452019416444050037e+01 -3.000000000000000000e+01 -2.378795696345089894e+01 2.945384510179394155e+01
2.829005507607977066e+01 -2.902651100673890738e+01 3.000000000000000000e+01 -2.823741282129235941e+01 -3.000000000000000000e+01 3.000000000000000000e+01 2.869041421183848684e+01 -3.000000000000000000e+01 2.780259540313830868e+01
-1.121697493245748767e+01 -1.627767878983197747e+01 3.000000000000000000e+01 -4.162162719910083020e+00 3.000000000000000000e+01 -3.000000000000000000e+01 3.000000000000000000e+01 4.394751733141929684e+00 -3.000000000000000000e+01
-2.245845048260899546e+01 -2.736192014550587359e+01 -2.999983075825638679e+01 2.521422500598730565e+01 6.667887217651665033e+00 2.027804010962006842e+01 -2.567405049877867551e+00 -2.153437268919998981e+00 2.204045620232651270e+00
-1.845294002456689597e+01 3.000000000000000000e+01 -2.990630460158013193e+01 2.871587289663494502e+01 2.021480232043102632e+01 -3.000000000000000000e+01 -2.998492360393597167e+01 2.026395815017990287e+01 2.778788309379328325e+01
-3.000000000000000000e+01 3.000000000000000000e+01 2.997293773841186137e+01 -2.997297815319666370e+01 1.179994708347438426e+01 -1.672463601556134494e+00 -2.780232032198809122e+01 -2.780223472134347062e+01 3.000000000000000000e+01
