3.250829577445983887e-01
5.741389989852905273e-01
3.250837922096252441e-01
3.250829875469207764e-01
5.741389989852905273e-01
5.741394162178039551e-01
5.091150999069213867e-01
5.741389989852905273e-01
5.091183185577392578e-01
5.091152787208557129e-01
3.250829577445983887e-01
3.250830173492431641e-01
3.250829577445983887e-01
5.741389989852905273e-01
5.741389989852905273e-01
5.741389989852905273e-01
3.250829875469207764e-01
5.741389989852905273e-01
5.741389989852905273e-01
3.250831663608551025e-01
5.091150403022766113e-01
5.741474032402038574e-01
3.250829577445983887e-01
5.741395950317382812e-01
3.250829577445983887e-01
3.250829577445983887e-01
3.250829577445983887e-01
5.741389989852905273e-01
3.250832855701446533e-01
5.091150403022766113e-01
5.741389989852905273e-01
5.091150403022766113e-01
5.741392374038696289e-01
5.741389989852905273e-01
3.250829577445983887e-01
3.250829577445983887e-01
5.091150403022766113e-01
3.250829577445983887e-01
5.741389989852905273e-01
3.250842094421386719e-01
3.250829875469207764e-01
5.741389989852905273e-01
3.250829577445983887e-01
3.250829577445983887e-01
5.091150999069213867e-01
5.091150999069213867e-01
5.741389989852905273e-01
5.091150999069213867e-01
3.250829577445983887e-01
5.741389989852905273e-01
5.091150999069213867e-01
5.741389989852905273e-01
3.250829875469207764e-01
5.091150403022766113e-01
5.091150999069213867e-01
5.741391181945800781e-01
5.741389989852905273e-01
5.091150403022766113e-01
5.741389989852905273e-01
5.091168284416198730e-01
5.741389989852905273e-01
5.741389989852905273e-01
5.091150999069213867e-01
5.091150403022766113e-01
5.091150999069213867e-01
5.091150999069213867e-01
5.741389989852905273e-01
3.250829577445983887e-01
5.741391181945800781e-01
3.250852823257446289e-01
3.250830173492431641e-01
3.250831961631774902e-01
5.091152191162109375e-01
5.741389989852905273e-01
3.250829875469207764e-01
5.091150999069213867e-01
5.091154575347900391e-01
5.091150403022766113e-01
5.741389989852905273e-01
5.741392374038696289e-01
5.741389989852905273e-01
3.250829577445983887e-01
5.741389989852905273e-01
5.091150999069213867e-01
5.091150999069213867e-01
5.091294050216674805e-01
5.741389989852905273e-01
3.250829577445983887e-01
5.741389989852905273e-01
5.091154575347900391e-01
5.091150999069213867e-01
5.091150999069213867e-01
5.741395354270935059e-01
5.091150999069213867e-01
5.741389989852905273e-01
3.250829577445983887e-01
5.091183185577392578e-01
5.103106498718261719e-01
3.250829577445983887e-01
3.250829577445983887e-01
