-1.206777691841125488e+00
-1.287307977676391602e+00
-1.181183099746704102e+00
-1.276935935020446777e+00
inf
inf
-2.673959493637084961e+00
-3.874820768833160400e-01
-2.369956523180007935e-01
inf
inf
-1.199302315711975098e+00
inf
inf
-1.346079945564270020e+00
-1.128385543823242188e+00
-8.773151040077209473e-01
-1.601279973983764648e-01
-2.156078815460205078e-01
-8.184983134269714355e-01
-9.567664265632629395e-01
-8.895063400268554688e-01
-2.095276713371276855e-01
-6.593340635299682617e-01
-8.949186801910400391e-01
-8.732230067253112793e-01
-1.781970113515853882e-01
-3.192124664783477783e-01
-6.467717885971069336e-02
-5.724719166755676270e-01
-5.470811724662780762e-01
-4.662677049636840820e-01
-5.014360547065734863e-01
-4.127350151538848877e-01
-4.491624832153320312e-01
-4.831563532352447510e-01
-4.209491312503814697e-01
-4.922403097152709961e-01
-1.870467513799667358e-01
-5.090884566307067871e-01
-4.042650461196899414e-01
-3.130971491336822510e-01
-4.057063758373260498e-01
-3.115317523479461670e-01
-3.377669751644134521e-01
-3.792642354965209961e-01
-3.522633612155914307e-01
-3.108729124069213867e-01
-3.017526865005493164e-01
-3.233482539653778076e-01
-2.349004745483398438e-01
-3.183380663394927979e-01
-2.686453163623809814e-01
-2.444032877683639526e-01
-2.525295615196228027e-01
-2.217627167701721191e-01
-1.947806328535079956e-01
-1.925885826349258423e-01
-1.418464481830596924e-01
-1.094291135668754578e-01
1.376217603683471680e-01
1.206281483173370361e-01
3.588762581348419189e-01
4.505370855331420898e-01
4.912790358066558838e-01
5.926302075386047363e-01
3.497574031352996826e-01
1.948995590209960938e-01
7.463490962982177734e-01
6.377813220024108887e-02
2.893940508365631104e-01
-1.658437401056289673e-01
6.740981936454772949e-01
8.069589138031005859e-01
7.552676796913146973e-01
7.974261641502380371e-01
1.000592038035392761e-01
9.049635529518127441e-01
-1.515752673149108887e-01
9.594223499298095703e-01
9.043491482734680176e-01
7.638081908226013184e-01
1.020664215087890625e+00
2.969038784503936768e-01
7.686771750450134277e-01
2.283843755722045898e-01
9.555096626281738281e-01
1.016589760780334473e+00
9.531099200248718262e-01
9.007557034492492676e-01
9.102693200111389160e-01
2.957367002964019775e-01
1.045124650001525879e+00
1.003171563148498535e+00
1.039932131767272949e+00
9.240512251853942871e-01
4.530628621578216553e-01
2.602021992206573486e-01
9.461027979850769043e-01
9.876964092254638672e-01
1.067587733268737793e+00
1.063990235328674316e+00
9.652709960937500000e-01
1.056196808815002441e+00
9.692956805229187012e-01
9.953029155731201172e-01
1.015035510063171387e+00
8.822343349456787109e-01
3.501657545566558838e-01
3.049693703651428223e-01
9.565272927284240723e-01
1.098914742469787598e+00
1.119530320167541504e+00
9.807894229888916016e-01
1.000337123870849609e+00
1.001452922821044922e+00
1.020160317420959473e+00
9.509218335151672363e-01
9.229571819305419922e-01
9.748830795288085938e-01
4.382831156253814697e-01
2.928949296474456787e-01
1.955477595329284668e-01
7.000413537025451660e-01
8.767960071563720703e-01
1.026921153068542480e+00
1.101267933845520020e+00
1.019016623497009277e+00
1.060579657554626465e+00
1.089979410171508789e+00
1.151718974113464355e+00
1.045598626136779785e+00
1.023881673812866211e+00
9.697525501251220703e-01
1.058310389518737793e+00
6.574313640594482422e-01
1.023413777351379395e+00
1.077957749366760254e+00
1.049896597862243652e+00
8.848669528961181641e-01
1.027209639549255371e+00
9.988593459129333496e-01
9.210310578346252441e-01
9.759395718574523926e-01
9.540686011314392090e-01
8.130567073822021484e-01
8.598785996437072754e-01
5.543351173400878906e-01
2.976509034633636475e-01
2.388867884874343872e-01
1.364293098449707031e-01
9.013428688049316406e-01
1.030754804611206055e+00
1.115844488143920898e+00
9.912495017051696777e-01
1.117148518562316895e+00
1.051177620887756348e+00
1.145283341407775879e+00
1.195180654525756836e+00
1.039795517921447754e+00
1.105527043342590332e+00
1.133931756019592285e+00
9.581497311592102051e-01
7.508203983306884766e-01
1.061306715011596680e+00
1.136821746826171875e+00
9.899905323982238770e-01
9.318870902061462402e-01
1.052219033241271973e+00
9.731009602546691895e-01
4.258759915828704834e-01
1.044637084007263184e+00
1.047715544700622559e+00
9.188141226768493652e-01
9.912941455841064453e-01
9.413471221923828125e-01
9.275818467140197754e-01
8.859372735023498535e-01
8.139378428459167480e-01
8.524055480957031250e-01
4.889607429504394531e-01
4.027114212512969971e-01
1.568869054317474365e-01
1.405238360166549683e-01
1.868197172880172729e-01
1.952133625745773315e-01
1.763122826814651489e-01
2.877898216247558594e-01
7.859179377555847168e-02
2.201608568429946899e-01
8.113610148429870605e-01
8.297137618064880371e-01
9.283962249755859375e-01
9.511075615882873535e-01
9.763639569282531738e-01
9.788455963134765625e-01
1.067698359489440918e+00
1.007030606269836426e+00
1.009328246116638184e+00
1.025153160095214844e+00
1.068655967712402344e+00
1.024316787719726562e+00
1.001494526863098145e+00
1.067034602165222168e+00
3.359376192092895508e-01
1.039224743843078613e+00
1.080067276954650879e+00
1.060806155204772949e+00
1.026023387908935547e+00
9.624867439270019531e-01
9.698058962821960449e-01
9.805867075920104980e-01
8.457269072532653809e-01
9.898152947425842285e-01
1.000675201416015625e+00
9.935094714164733887e-01
1.042128324508666992e+00
9.920372366905212402e-01
1.028016805648803711e+00
1.019266843795776367e+00
8.451645970344543457e-01
9.914192557334899902e-01
1.056549429893493652e+00
1.128316283226013184e+00
1.000177264213562012e+00
8.854523301124572754e-01
9.074862003326416016e-01
9.562703967094421387e-01
8.882971405982971191e-01
8.469736576080322266e-01
4.137624204158782959e-01
3.220699131488800049e-01
8.490290641784667969e-01
1.058375000953674316e+00
1.037994265556335449e+00
8.730928301811218262e-01
1.089644789695739746e+00
1.093289852142333984e+00
1.133113741874694824e+00
1.069704055786132812e+00
1.021894335746765137e+00
1.007651209831237793e+00
1.088853001594543457e+00
1.097896456718444824e+00
9.920908808708190918e-01
1.037793755531311035e+00
1.002697348594665527e+00
9.816069602966308594e-01
9.033524990081787109e-01
1.012004733085632324e+00
9.684581160545349121e-01
9.039511084556579590e-01
9.464119076728820801e-01
9.376354813575744629e-01
8.495885729789733887e-01
7.235139012336730957e-01
6.033820509910583496e-01
5.296598076820373535e-01
4.479573667049407959e-01
3.187425434589385986e-01
1.695973128080368042e-01
1.766122728586196899e-01
2.212456911802291870e-01
1.151394769549369812e-01
1.357157975435256958e-01
2.222443073987960815e-01
1.469830423593521118e-01
1.787723302841186523e-01
1.484473794698715210e-01
1.320671886205673218e-01
1.993884444236755371e-01
1.418076306581497192e-01
1.007249951362609863e-01
3.344478830695152283e-02
5.408130288124084473e-01
4.693784713745117188e-01
2.153648585081100464e-01
3.476096689701080322e-01
9.098896384239196777e-01
1.069980025291442871e+00
1.102899551391601562e+00
1.070772767066955566e+00
1.132236003875732422e+00
1.099593043327331543e+00
1.124693036079406738e+00
1.139560699462890625e+00
1.167502641677856445e+00
1.214977741241455078e+00
1.156045436859130859e+00
1.145764350891113281e+00
1.126067399978637695e+00
9.662273526191711426e-01
1.095920681953430176e+00
1.106979370117187500e+00
1.060740590095520020e+00
1.114173769950866699e+00
1.107979655265808105e+00
1.104287981986999512e+00
1.070899367332458496e+00
9.318506121635437012e-01
1.108970999717712402e+00
1.182050347328186035e+00
1.150491714477539062e+00
1.151092529296875000e+00
1.084727525711059570e+00
1.080532908439636230e+00
1.134073734283447266e+00
1.154978156089782715e+00
1.148853778839111328e+00
1.051296353340148926e+00
1.129009366035461426e+00
1.129734158515930176e+00
1.188990831375122070e+00
9.665291309356689453e-01
1.164379000663757324e+00
1.112556576728820801e+00
1.098096132278442383e+00
1.074432969093322754e+00
1.139347553253173828e+00
1.251930713653564453e+00
1.146431446075439453e+00
1.145953416824340820e+00
1.023385643959045410e+00
1.057386994361877441e+00
1.067928671836853027e+00
1.057951807975769043e+00
1.022535204887390137e+00
1.000939965248107910e+00
9.913696646690368652e-01
1.001659274101257324e+00
9.785719513893127441e-01
9.285273551940917969e-01
9.451308846473693848e-01
9.402158856391906738e-01
9.070765972137451172e-01
8.258019089698791504e-01
7.948279976844787598e-01
5.338225960731506348e-01
1.272385120391845703e-01
3.170459568500518799e-01
3.090350627899169922e-01
7.741773128509521484e-01
8.252268433570861816e-01
8.177840113639831543e-01
8.542402386665344238e-01
7.980889678001403809e-01
8.560439944267272949e-01
7.914929389953613281e-01
8.204372525215148926e-01
7.725408673286437988e-01
5.011015534400939941e-01
8.051888942718505859e-01
7.923607826232910156e-01
7.328743338584899902e-01
7.021550536155700684e-01
7.710621953010559082e-01
4.107696115970611572e-01
6.080816388130187988e-01
7.092778086662292480e-01
7.646506428718566895e-01
7.216607928276062012e-01
7.329740524291992188e-01
7.087236046791076660e-01
7.025032639503479004e-01
6.835725903511047363e-01
7.583035826683044434e-01
6.794075965881347656e-01
6.318882107734680176e-01
6.673205494880676270e-01
6.524959802627563477e-01
6.270660758018493652e-01
6.613544821739196777e-01
5.934158563613891602e-01
6.013821959495544434e-01
6.319765448570251465e-01
5.903072953224182129e-01
5.967125296592712402e-01
5.376843810081481934e-01
5.665352940559387207e-01
5.424724817276000977e-01
3.209100961685180664e-01
5.159231424331665039e-01
5.132475495338439941e-01
4.891581237316131592e-01
5.058541893959045410e-01
4.703919887542724609e-01
2.382402420043945312e-01
4.452517330646514893e-01
4.014910161495208740e-01
4.345187842845916748e-01
4.356793463230133057e-01
3.459808826446533203e-01
3.972948789596557617e-01
3.357492685317993164e-01
3.169281482696533203e-01
1.531229913234710693e-01
1.670747846364974976e-01
1.200419664382934570e-01
1.033727303147315979e-01
1.518923193216323853e-01
1.610314995050430298e-01
1.492938250303268433e-01
1.617021411657333374e-01
1.762693375349044800e-01
1.260361969470977783e-01
1.781995445489883423e-01
1.771845817565917969e-01
1.399493962526321411e-01
2.296177297830581665e-01
-9.570594877004623413e-02
1.060130894184112549e-01
2.124927192926406860e-02
1.551742702722549438e-01
1.461162418127059937e-01
1.374687403440475464e-01
1.286665946245193481e-01
1.474035382270812988e-01
8.177445828914642334e-02
1.183872744441032410e-01
-2.405272563919425011e-03
9.833433479070663452e-02
9.427201747894287109e-02
5.846996605396270752e-02
8.491478115320205688e-02
9.622228145599365234e-02
6.752186268568038940e-02
9.230969101190567017e-02
7.333068549633026123e-02
7.668644934892654419e-02
6.319385766983032227e-02
8.318967372179031372e-02
9.307614713907241821e-02
6.120982393622398376e-02
4.669827222824096680e-02
8.347015827894210815e-02
8.304534852504730225e-02
7.761202007532119751e-02
4.756446555256843567e-02
1.435042917728424072e-02
3.579628840088844299e-02
7.352115120738744736e-03
-4.010444507002830505e-02
5.422646179795265198e-02
5.015095230191946030e-03
9.084261208772659302e-02
8.905318565666675568e-03
-1.696104765869677067e-03
-1.414733827114105225e-01
1.053280234336853027e-01
5.717806890606880188e-02
-2.634820900857448578e-02
-1.453005373477935791e-01
4.020662978291511536e-02
-3.087657503783702850e-03
-1.343105453997850418e-02
2.732829563319683075e-02
2.854373492300510406e-02
4.207800701260566711e-02
-3.004633821547031403e-03
-1.954950578510761261e-02
-3.367712488397955894e-03
-3.775444999337196350e-02
9.467974305152893066e-02
6.141401454806327820e-02
-6.081034615635871887e-02
-9.666714817285537720e-02
-2.326003648340702057e-02
-3.459399798884987831e-03
5.909401550889015198e-02
-1.001600399613380432e-01
1.190547738224267960e-02
-4.979241266846656799e-02
-1.125723421573638916e-01
-3.370873928070068359e-01
-1.999175399541854858e-01
-4.576826393604278564e-01
-7.989196479320526123e-02
-2.451063394546508789e-01
-1.919939517974853516e-01
-1.195943713188171387e+00
-4.446491301059722900e-01
-6.717105954885482788e-02
-2.761377990245819092e-01
-5.781701803207397461e-01
-2.172781229019165039e-01
-2.583754658699035645e-01
-2.981922626495361328e-01
-6.723330616950988770e-01
-2.034467905759811401e-01
-2.375408262014389038e-01
-1.572537124156951904e-01
-7.804834842681884766e-02
-1.940812021493911743e-01
-2.206322699785232544e-01
-5.203971266746520996e-01
-3.304103016853332520e-02
-1.137717962265014648e-01
-1.303974539041519165e-01
-8.113623596727848053e-03
-1.103053018450737000e-01
-4.930462315678596497e-02
-9.847158938646316528e-02
-2.005655765533447266e-01
-6.038467958569526672e-02
-3.443591594696044922e-01
-1.307961493730545044e-01
-6.123116239905357361e-02
-7.925089448690414429e-02
-6.468299776315689087e-02
-8.391594886779785156e-02
-6.776873767375946045e-02
-3.809539601206779480e-02
-6.380694359540939331e-02
-6.622420187341049314e-05
5.932933185249567032e-03
-3.183647617697715759e-02
-2.081082575023174286e-02
-4.712281003594398499e-02
-3.083462826907634735e-02
-1.780077219009399414e-01
-5.815336108207702637e-02
-3.362124785780906677e-02
-1.710549928247928619e-02
-3.836237266659736633e-02
-3.017531521618366241e-02
-9.130897372961044312e-02
-8.495041169226169586e-03
-4.599033668637275696e-02
-2.966801077127456665e-02
-3.654740378260612488e-02
-3.291764855384826660e-02
5.345494719222187996e-04
-1.649249903857707977e-02
-5.335355643182992935e-03
-2.639190061017870903e-03
-2.166919969022274017e-02
-2.167577855288982391e-02
3.191689029335975647e-03
1.466116309165954590e-02
-1.042671408504247665e-02
-5.638315808027982712e-03
-2.481689304113388062e-02
-1.090185344219207764e-02
-4.171716980636119843e-03
-5.063504911959171295e-03
-2.811088925227522850e-03
-1.027407962828874588e-02
-9.831592440605163574e-03
-1.136098429560661316e-02
-1.563180424273014069e-02
-1.799052022397518158e-02
-1.719996519386768341e-02
-2.199570834636688232e-02
-2.491521090269088745e-02
-3.241598606109619141e-02
-3.275766596198081970e-02
-2.889098972082138062e-02
-4.054788500070571899e-02
-3.925396874547004700e-02
-4.509584605693817139e-02
-3.791413083672523499e-02
-5.345408618450164795e-02
-4.617938771843910217e-02
-5.181422457098960876e-02
-5.538590624928474426e-02
-6.195538863539695740e-02
-5.581459030508995056e-02
-6.734281033277511597e-02
-6.246151030063629150e-02
-6.575121730566024780e-02
-7.277961075305938721e-02
-7.629217207431793213e-02
-5.212703347206115723e-02
-6.510089337825775146e-02
-6.616650521755218506e-02
-8.515638113021850586e-02
-8.900380134582519531e-02
-7.860494405031204224e-02
-5.248930677771568298e-02
-8.596155047416687012e-02
-9.046349674463272095e-02
-7.797102630138397217e-02
-9.678087383508682251e-02
-7.021235674619674683e-02
-7.296600192785263062e-02
-8.063771575689315796e-02
-8.295138925313949585e-02
-1.111237630248069763e-01
-1.195359528064727783e-01
-1.044749245047569275e-01
-8.982271701097488403e-02
-9.536903351545333862e-02
-1.112485900521278381e-01
-1.096374914050102234e-01
-7.856405526399612427e-02
-1.093161180615425110e-01
-6.769388169050216675e-02
-2.336170524358749390e-01
-7.808448374271392822e-02
-1.312201172113418579e-01
-1.202512606978416443e-01
-2.025038748979568481e-01
-9.975091367959976196e-02
-2.278039008378982544e-01
-1.013208702206611633e-01
-1.412172466516494751e-01
-8.560682088136672974e-02
-1.570492237806320190e-01
-1.343449503183364868e-01
-1.440344303846359253e-01
-1.537119299173355103e-01
-1.095133051276206970e-01
-1.133100092411041260e-01
-9.044361859560012817e-02
-1.402012854814529419e-01
-1.243317350745201111e-01
-2.604900002479553223e-01
-1.538762599229812622e-01
-1.316240578889846802e-01
-1.255782097578048706e-01
-1.375282555818557739e-01
-1.565045565366744995e-01
-3.278153836727142334e-01
-2.990859448909759521e-01
-1.282350569963455200e-01
-2.884730100631713867e-01
-2.515623867511749268e-01
-2.813250124454498291e-01
-1.223357319831848145e-01
-1.369315832853317261e-01
-1.024792715907096863e-01
-1.636878252029418945e-01
-1.293619573116302490e-01
-1.461344212293624878e-01
-1.088653877377510071e-01
-1.911296248435974121e-01
-3.951460421085357666e-01
-2.256888151168823242e-01
-1.301653832197189331e-01
-1.148971095681190491e-01
-1.749914139509201050e-01
-1.653733104467391968e-01
-1.985462456941604614e-01
-2.259160876274108887e-01
-1.845112442970275879e-01
-1.402453482151031494e-01
-1.818537265062332153e-01
-1.363039314746856689e-01
-2.179584056138992310e-01
-1.484033167362213135e-01
-1.088198944926261902e-01
-1.302583664655685425e-01
-2.791227400302886963e-01
-1.641831547021865845e-01
-2.073245644569396973e-01
-2.004700899124145508e-01
-2.215843647718429565e-01
-2.381271868944168091e-01
-2.207969874143600464e-01
-1.139571592211723328e-01
-2.124402374029159546e-01
-2.603633701801300049e-01
-2.399069666862487793e-01
-1.987972259521484375e-01
-1.668532639741897583e-01
-2.317284196615219116e-01
-2.031985372304916382e-01
-1.475116759538650513e-01
-2.424376755952835083e-01
-1.869618296623229980e-01
-3.444127738475799561e-01
-2.311394214630126953e-01
-1.658975929021835327e-01
-2.537001371383666992e-01
-3.191335797309875488e-01
-2.413735985755920410e-01
-3.331278264522552490e-01
-4.008911848068237305e-01
-3.823970854282379150e-01
-4.174211919307708740e-01
-3.595147132873535156e-01
-2.733311057090759277e-01
-3.065907061100006104e-01
-1.737983971834182739e-01
-3.789733350276947021e-01
-2.544502913951873779e-01
-3.002704083919525146e-01
-2.028141170740127563e-01
-2.119059413671493530e-01
-1.654713749885559082e-01
-5.837355852127075195e-01
-3.915690183639526367e-01
-3.774430751800537109e-01
-3.290205299854278564e-01
-1.276511847972869873e-01
-3.809032142162322998e-01
-1.207918822765350342e-01
-4.141925573348999023e-01
-2.485956698656082153e-01
-2.163082361221313477e-01
-3.697983920574188232e-01
-4.216965436935424805e-01
-4.307257831096649170e-01
-3.783981800079345703e-01
-4.698320925235748291e-01
-5.614359974861145020e-01
-5.689561963081359863e-01
-5.826657414436340332e-01
-2.934371531009674072e-01
-5.982602238655090332e-01
-6.218574643135070801e-01
-2.688179910182952881e-01
-6.474961638450622559e-01
-5.915263295173645020e-01
-5.000090003013610840e-01
-3.260518610477447510e-01
-4.758663177490234375e-01
-2.744066417217254639e-01
-6.786546707153320312e-01
-2.798407673835754395e-01
-6.567901968955993652e-01
-1.530498713254928589e-01
-6.878745555877685547e-01
-2.952818870544433594e-01
-6.886911988258361816e-01
-6.416111588478088379e-01
-9.087433815002441406e-01
-7.867785096168518066e-01
-1.312698721885681152e+00
-1.052464127540588379e+00
-9.223023056983947754e-01
-7.503986358642578125e-01
-8.542947173118591309e-01
-6.145526170730590820e-01
-9.143807888031005859e-01
-4.305143654346466064e-01
-3.193714320659637451e-01
-3.550501763820648193e-01
-7.932831645011901855e-01
-3.902379572391510010e-01
-9.206324219703674316e-01
-1.031064271926879883e+00
-9.397891163825988770e-01
-6.447342634201049805e-01
-9.954447746276855469e-01
-9.194177985191345215e-01
-1.074632287025451660e+00
-9.734346270561218262e-01
-4.597655236721038818e-01
-1.011971473693847656e+00
-9.554863572120666504e-01
-4.398080408573150635e-01
-4.215060174465179443e-01
-5.024245381355285645e-01
-8.973742127418518066e-01
-9.474710822105407715e-01
-1.038158416748046875e+00
-1.258721947669982910e+00
-5.759642720222473145e-01
-9.523373246192932129e-01
-9.669913649559020996e-01
-8.475567698478698730e-01
-4.318949878215789795e-01
-1.154378533363342285e+00
-8.029699921607971191e-01
-7.935976386070251465e-01
-1.136509776115417480e+00
-6.917200088500976562e-01
-1.380445122718811035e+00
-1.279614567756652832e+00
-9.510386586189270020e-01
-8.595437407493591309e-01
-5.656489133834838867e-01
-8.033179640769958496e-01
-1.309587359428405762e+00
-8.445065021514892578e-01
-1.157922148704528809e+00
-8.535709977149963379e-01
-5.339024662971496582e-01
-1.012480378150939941e+00
-9.545366764068603516e-01
-9.051190018653869629e-01
-1.019871592521667480e+00
-8.072839379310607910e-01
-8.100957274436950684e-01
-7.461373209953308105e-01
-8.433271050453186035e-01
-7.017279267311096191e-01
-8.100933432579040527e-01
-7.593196034431457520e-01
-8.334487080574035645e-01
-3.257490098476409912e-01
-7.971780300140380859e-01
-3.906746208667755127e-01
-8.207246661186218262e-01
-6.695472598075866699e-01
-6.384469866752624512e-01
-6.224397420883178711e-01
-2.836863100528717041e-01
-5.906496644020080566e-01
-6.493158936500549316e-01
-1.764378696680068970e-01
-2.484403252601623535e-01
-2.154415100812911987e-01
-5.220481753349304199e-01
-1.903808563947677612e-01
-5.125381350517272949e-01
-2.438254356384277344e-01
-2.654747068881988525e-01
-2.673403322696685791e-01
-5.201559662818908691e-01
-2.456395179033279419e-01
-4.774208962917327881e-01
-4.719451665878295898e-01
-2.482452243566513062e-01
-4.136912822723388672e-01
-2.006541490554809570e-01
-3.994760513305664062e-01
-1.921248584985733032e-01
-4.805971682071685791e-01
-3.630236685276031494e-01
-3.687227070331573486e-01
-1.979950666427612305e-01
-2.429738193750381470e-01
-3.975748717784881592e-01
-3.355027437210083008e-01
-3.187116086483001709e-01
-1.784178167581558228e-01
-3.319563269615173340e-01
-2.006669193506240845e-01
-2.927079200744628906e-01
-1.938160806894302368e-01
-2.816068530082702637e-01
-1.978683024644851685e-01
-2.915200293064117432e-01
-2.272828221321105957e-01
-2.889038324356079102e-01
-2.966573536396026611e-01
-2.878740131855010986e-01
-1.208226382732391357e-01
-2.199615091085433960e-01
-1.433612257242202759e-01
-2.215791791677474976e-01
-1.227597966790199280e-01
-2.120366543531417847e-01
-2.458924651145935059e-01
-2.319808751344680786e-01
-1.881620436906814575e-01
-1.869772672653198242e-01
-2.007660418748855591e-01
-1.926110237836837769e-01
-2.078605443239212036e-01
-1.759034544229507446e-01
-2.030900716781616211e-01
-1.949839591979980469e-01
-1.921523362398147583e-01
-1.832695603370666504e-01
-2.057067751884460449e-01
-1.457018405199050903e-01
-1.454914659261703491e-01
-9.928617626428604126e-02
-9.898343682289123535e-02
-1.584739834070205688e-01
-1.628867387771606445e-01
-1.715884208679199219e-01
-1.946658343076705933e-01
-1.661889702081680298e-01
-1.446706056594848633e-01
-1.435146629810333252e-01
-1.363099962472915649e-01
-1.388448774814605713e-01
-3.587009906768798828e-01
-1.051329448819160461e-01
-1.280698180198669434e-01
-1.237363293766975403e-01
-1.207953616976737976e-01
-1.182941719889640808e-01
-7.971663773059844971e-02
-7.913980633020401001e-02
-1.064753755927085876e-01
-9.351328760385513306e-02
-1.048932299017906189e-01
-1.169837489724159241e-01
-1.111144796013832092e-01
-8.709430694580078125e-02
-9.548235684633255005e-02
-9.314828366041183472e-02
-9.339291602373123169e-02
-1.025390699505805969e-01
-9.489291161298751831e-02
-1.004531458020210266e-01
-5.464685335755348206e-02
-6.351093202829360962e-02
-7.786775380373001099e-02
-7.288820296525955200e-02
-8.291632682085037231e-02
-5.878065153956413269e-02
-8.136261254549026489e-02
-6.869339197874069214e-02
-6.666606664657592773e-02
-5.094206333160400391e-02
-4.890399053692817688e-02
-4.851414635777473450e-02
-4.563558474183082581e-02
-6.615952402353286743e-02
-6.592919677495956421e-02
-6.803519278764724731e-02
-4.839332029223442078e-02
-4.732612892985343933e-02
-4.755466803908348083e-02
-3.431259468197822571e-02
-5.289990082383155823e-02
-5.576565861701965332e-02
-5.921402573585510254e-02
-5.856793001294136047e-02
-4.755399003624916077e-02
-5.433285236358642578e-02
-5.461839213967323303e-02
-3.975389525294303894e-02
-4.701913893222808838e-02
-3.740444406867027283e-02
-4.379138723015785217e-02
-4.065033420920372009e-02
-3.664201870560646057e-02
-3.213685005903244019e-02
-3.311609104275703430e-02
-3.278112784028053284e-02
-2.519473619759082794e-02
-1.997854374349117279e-02
-2.247552387416362762e-02
-2.025854028761386871e-02
-1.084457058459520340e-02
-8.085901848971843719e-03
-4.475559107959270477e-03
-2.047679154202342033e-03
-3.074793377891182899e-03
-2.255437662824988365e-03
-3.276241011917591095e-03
-3.465841524302959442e-03
-6.251186598092317581e-03
-8.729533292353153229e-03
-1.005929894745349884e-02
-1.325811352580785751e-02
-1.135225687175989151e-02
-1.514820847660303116e-02
-1.974154822528362274e-02
-2.149289287626743317e-02
-2.390735037624835968e-02
-2.366120554506778717e-02
-2.857286669313907623e-02
-2.986726723611354828e-02
-2.986307442188262939e-02
-2.070154994726181030e-02
-4.086792841553688049e-02
-3.988693282008171082e-02
-4.904896020889282227e-02
-4.421856999397277832e-02
-5.326008424162864685e-02
-4.810430109500885010e-02
-4.771570861339569092e-02
-5.145878717303276062e-02
-5.238291248679161072e-02
-5.596268549561500549e-02
-6.553155928850173950e-02
-6.427063792943954468e-02
-5.755037069320678711e-02
-5.565497651696205139e-02
-6.140236556529998779e-02
-6.604278832674026489e-02
-6.988220661878585815e-02
-6.754292547702789307e-02
-7.580936700105667114e-02
-5.710897222161293030e-02
-8.256711065769195557e-02
-9.224347025156021118e-02
-7.704002410173416138e-02
-8.261574059724807739e-02
-7.346349954605102539e-02
-6.799431890249252319e-02
-9.517314285039901733e-02
-8.553791046142578125e-02
-1.065016686916351318e-01
-1.122978851199150085e-01
-9.132488816976547241e-02
-7.215297967195510864e-02
-1.107273697853088379e-01
-8.546603471040725708e-02
-9.687135368585586548e-02
-9.427455812692642212e-02
-9.006762504577636719e-02
-9.718673676252365112e-02
-9.851691871881484985e-02
-1.065448895096778870e-01
-1.197331845760345459e-01
-1.230314448475837708e-01
-9.024852514266967773e-02
-1.172754988074302673e-01
-1.268036514520645142e-01
-9.463509172201156616e-02
-8.807755261659622192e-02
-8.836612850427627563e-02
-1.255584806203842163e-01
-1.542086005210876465e-01
-1.022390425205230713e-01
-1.327654272317886353e-01
-1.064030826091766357e-01
-1.149389520287513733e-01
-1.503758579492568970e-01
-9.125990420579910278e-02
-1.228821650147438049e-01
-1.594423800706863403e-01
-1.043445542454719543e-01
-8.539391309022903442e-02
-1.097321212291717529e-01
-1.380064040422439575e-01
-9.693103283643722534e-02
-1.372023373842239380e-01
-1.468512415885925293e-01
-1.275255531072616577e-01
-1.190225556492805481e-01
-1.309932023286819458e-01
-7.003561407327651978e-02
-1.066089048981666565e-01
-1.330720335245132446e-01
-8.979445695877075195e-02
-1.546356976032257080e-01
-8.696898072957992554e-02
-1.595755368471145630e-01
-1.280816495418548584e-01
-9.181001782417297363e-02
-1.277173459529876709e-01
-1.109444499015808105e-01
-1.312303692102432251e-01
-1.368705481290817261e-01
-1.391627043485641479e-01
-1.157213076949119568e-01
-1.277468800544738770e-01
-1.115858778357505798e-01
-9.867025166749954224e-02
-1.504890173673629761e-01
-2.032069712877273560e-01
-2.067019492387771606e-01
-1.406982839107513428e-01
-1.474539786577224731e-01
-1.324087530374526978e-01
-9.783478826284408569e-02
-1.052077114582061768e-01
-1.110574305057525635e-01
-1.240428686141967773e-01
-1.605012863874435425e-01
-1.205800101161003113e-01
-1.459011584520339966e-01
-1.056631281971931458e-01
-1.510259360074996948e-01
-2.077484726905822754e-01
-1.318853348493576050e-01
-1.543430238962173462e-01
-1.226102709770202637e-01
-1.219747886061668396e-01
-1.575176268815994263e-01
-1.745577603578567505e-01
-1.173896118998527527e-01
-1.419927775859832764e-01
-1.470009535551071167e-01
-1.882830709218978882e-01
-1.344656795263290405e-01
-1.467773616313934326e-01
-1.920260787010192871e-01
-1.021607518196105957e-01
-1.863452792167663574e-01
-1.238583698868751526e-01
-1.265693008899688721e-01
-1.561316698789596558e-01
-1.536111682653427124e-01
-1.882508248090744019e-01
-1.215369105339050293e-01
-1.105138286948204041e-01
-1.569755375385284424e-01
-1.840276569128036499e-01
-1.196186840534210205e-01
-1.713509410619735718e-01
-1.883810609579086304e-01
-1.149888262152671814e-01
-1.358266621828079224e-01
-1.215957999229431152e-01
-1.891240328550338745e-01
-1.700671315193176270e-01
-1.184307858347892761e-01
-1.801596730947494507e-01
-1.538864076137542725e-01
-2.005665302276611328e-01
-1.860021203756332397e-01
-1.824418902397155762e-01
-1.634530574083328247e-01
-2.191518396139144897e-01
-1.905538886785507202e-01
-2.374426871538162231e-01
-1.518531590700149536e-01
-1.683275103569030762e-01
-1.590675711631774902e-01
-2.403119355440139771e-01
-2.412112355232238770e-01
-1.625332087278366089e-01
-2.162496298551559448e-01
-2.347906231880187988e-01
-1.906005889177322388e-01
-2.642012834548950195e-01
-1.696887165307998657e-01
-1.733303517103195190e-01
-1.927130669355392456e-01
-2.310795336961746216e-01
-2.253297716379165649e-01
-1.790787726640701294e-01
-1.476513296365737915e-01
-1.806542128324508667e-01
-2.032693475484848022e-01
-1.651941388845443726e-01
-1.439441293478012085e-01
-1.517158001661300659e-01
-1.774640232324600220e-01
-2.524631619453430176e-01
-1.341749876737594604e-01
-2.116634994745254517e-01
-2.358996868133544922e-01
-2.420815229415893555e-01
-2.176574468612670898e-01
-2.388504296541213989e-01
-1.525252014398574829e-01
-2.036450356245040894e-01
-2.367364019155502319e-01
-1.954886317253112793e-01
-1.994892507791519165e-01
-2.082762718200683594e-01
-2.609248459339141846e-01
-2.940620779991149902e-01
-2.434332817792892456e-01
-1.950226426124572754e-01
-3.242658674716949463e-01
-2.246214002370834351e-01
-2.817717194557189941e-01
-2.111979722976684570e-01
-2.581668496131896973e-01
-2.529378235340118408e-01
-2.205814719200134277e-01
-2.293027043342590332e-01
-1.885540634393692017e-01
-2.735254466533660889e-01
-2.279856204986572266e-01
-2.030982524156570435e-01
-3.781371414661407471e-01
-2.356870323419570923e-01
-2.323605865240097046e-01
-3.180658221244812012e-01
-2.776803076267242432e-01
-3.270141184329986572e-01
-2.021545022726058960e-01
-3.244840800762176514e-01
-3.378223180770874023e-01
-2.777429521083831787e-01
-2.690548002719879150e-01
-2.704501450061798096e-01
-2.726662755012512207e-01
-3.807671368122100830e-01
-2.862010896205902100e-01
-2.324022501707077026e-01
-2.828007042407989502e-01
-2.473030686378479004e-01
-3.114127218723297119e-01
-3.058793246746063232e-01
-2.355819791555404663e-01
-2.803846597671508789e-01
-2.566072046756744385e-01
-2.720868885517120361e-01
-3.218286931514739990e-01
-3.257087469100952148e-01
-2.851300537586212158e-01
-4.152645766735076904e-01
-3.151749074459075928e-01
-3.008320927619934082e-01
-3.179531395435333252e-01
-4.295252561569213867e-01
-3.643420040607452393e-01
-3.035603165626525879e-01
-3.169607818126678467e-01
-3.960294723510742188e-01
-4.534251391887664795e-01
-4.783606827259063721e-01
-3.897528946399688721e-01
-3.445253372192382812e-01
-3.310124874114990234e-01
-3.151446282863616943e-01
-3.622570335865020752e-01
-4.149614274501800537e-01
-3.539116084575653076e-01
-3.274861276149749756e-01
-3.761146366596221924e-01
-3.460344076156616211e-01
-4.596967995166778564e-01
-3.047950863838195801e-01
-3.449739217758178711e-01
